;ADVANTEST CORP;AJINOMOTO CO;ALL NIPPON AIRWAYS Y50;ASAHI BANK;ASAHI BREWERIES;ASAHI CHEMICAL IND CO;ASAHI GLASS CO;BANK TOKYO-MITSUBISHI;BRIDGESTONE CORP;CANON INC;CASIO COMPUTER CO;CITIZEN WATCH CO;DAI NIPPON PRINTING CO;DAI-ICHI KANGYO BANK Y50;DAIWA SECURITIES GROUP;DENSO CORP;FANUC;FUJI BANK;FUJI PHOTO FILM CO;FUJITSU;HITACHI;HONDA MOTOR CO;INDUSTRIAL BANK OF JAPAN;ITO-YOKADO CO;JAPAN AIRCRAFT MFG CO;JUSCO CO;KANSAI ELECTRIC POWER CO;KAO CORP;KAWASAKI STEEL CORP;KIRIN BREWERY CO;KOMATSU;KYOCERA CORP;MARUI CO;MATSUSHITA ELECT IND'L;MATSUSHITA ELECTRIC WORKS Y50;MINOLTA Y50;MITSUBISHI CORP;MITSUBISHI ELECTRIC CORP;MITSUBISHI ESTATE CO;MITSUBISHI HEAVY IND;MITSUBISHI TRUST;MITSUI & CO;MITSUI FUDOSAN CO;MURATA MANUFACTURING CO;NEC CORP;NIKKO SECURITIES Y50;NINTENDO CO;NIPPON EXPRESS CO;NIPPON STEEL CORP;NIPPON TELEVISION NETWORK CORP Y500;NISSAN MOTOR CO;NOMURA SECURITIES CO;OJI PAPER CO;ORIX CORP;OSAKA GAS CO;RICOH Y50;ROHM CO;SAKURA BANK;SANKYO CO;SANWA BANK;SANYO ELECTRIC CO;SECOM CO;SEKISUI HOUSE;SEVEN-ELEVEN JAPAN NPV;SHARP CORP;SHIN-ETSU CHEMICAL CO;SHISEIDO CO;SONY CORP;SUMITOMO BANK;SUMITOMO CHEMICAL CO;SUMITOMO CORP;SUMITOMO ELECTRIC IND;TAISHO PHARMACEUTICAL CO;TAKEDA CHEMICAL IND;TDK CORP Y50;TOKAI BANK;TOKIO MARINE & FIRE;TOKYO ELECTRIC POWER CO;TOKYO ELECTRON;TOKYO GAS CO;TOPPAN PRINTING CO;TOSHIBA CORP;TOYOTA MOTOR CORP;YAMANOUCHI PHARM.;YAMATO TRANSPORT CO;YASUDA FIRE & MARINE INS Y50
32391,0000;380,0000;1900,6000;1869,1000;716,6000;1326,2000;841,9000;877,0000;860,3000;672,8000;1062,4000;1084,2000;612,3000;1135,0000;1142,5000;1156,5000;1126,1000;3801,2000;938,9000;1105,7000;1189,3000;902,8000;510,8000;1736,4000;1948,9000;109,2000;472,1000;1072,3000;1506,9000;988,5000;805,2000;324,1000;1494,0000;1157,1000;593,5000;589,3000;861,1000;360,6000;877,8000;608,0000;531,4000;1697,5000;250,5000;683,4000;2312,3999;1181,9000;832,7000;2437,8999;862,5000;825,7000;3074,8999;469,0000;976,2000;573,3000;411,6000;1039,3000;813,9000;100,0000;1115,8000;1724,3000;786,7000;639,4000;3550,3999;519,8000;1922,6000;1125,0000;1528,4000;401,3000;256,8000;1007,1000;929,4000;446,0000;1011,8000;1310,2000;1668,8000;1160,9000;1275,3000;640,2000;1597,2000;542,4000;1644,7000;1207,8000;1206,7000;1021,9000;4486,0000;874,2000;549,9000
32392,0000;375,1000;1900,6000;1846,9000;710,7000;1332,9000;841,9000;881,7000;866,3000;683,4000;1048,1000;1084,2000;617,9000;1135,0000;1142,5000;1167,0000;1126,1000;3740,7000;948,1000;1105,7000;1175,7000;897,3000;510,8000;1730,9000;1939,3000;109,2000;469,5000;1083,3000;1506,9000;1001,3000;800,9000;322,4000;1483,4000;1149,3000;586,6000;586,2000;858,7000;357,3000;868,1000;616,3000;531,4000;1685,6000;247,4000;689,6000;2278,1001;1181,9000;827,8000;2429,2000;855,9000;834,5000;3074,8999;469,0000;964,9000;561,0000;407,8000;1039,3000;813,9000;96,5000;1115,8000;1724,3000;783,5000;629,9000;3550,3999;526,0000;1922,6000;1104,7000;1520,1000;403,6000;253,4000;1004,1000;923,4000;446,0000;1033,5000;1357,0000;1650,6000;1146,5000;1264,3000;640,2000;1591,5000;542,4000;1673,0000;1214,2000;1195,0000;1006,1000;4582,3999;868,4000;544,6000
32393,0000;372,1000;1894,1000;1891,2000;722,6000;1312,9000;833,6000;886,4000;860,3000;683,4000;1055,2000;1099,5000;642,3000;1139,4000;1142,5000;1198,6000;1137,6000;3692,2000;963,4000;1093,2000;1189,3000;908,2000;513,2000;1758,1000;1939,3000;109,2000;474,7000;1076,0000;1506,9000;1046,5000;800,9000;319,7000;1491,3000;1153,2000;586,6000;583,0000;902,8000;354,0000;889,3000;627,3000;552,8000;1673,6000;250,5000;723,9000;2278,2000;1181,9000;842,4000;2417,6001;895,4000;872,1000;3102,2000;469,0000;981,8000;556,9000;414,1000;1055,1000;807,6000;98,7000;1156,3000;1724,3000;786,7000;629,9000;3538,7000;522,9000;1922,6000;1094,6000;1511,9000;408,4000;254,2000;998,0000;949,1000;446,0000;1011,8000;1383,8000;1632,3000;1148,9000;1264,3000;633,3000;1580,1000;557,5000;1701,4000;1201,4000;1253,5000;1006,1000;4518,1001;886,0000;539,2000
32394,0000;370,9000;1907,1000;1913,3000;716,6000;1312,9000;841,9000;891,1000;872,4000;672,8000;1048,1000;1099,5000;639,6000;1135,0000;1142,5000;1203,8000;1120,3000;3704,3000;966,5000;1096,4000;1189,3000;902,8000;510,8000;1758,1000;1934,5000;109,2000;466,9000;1068,7000;1524,6000;1049,4000;805,2000;327,7000;1480,7000;1141,5000;584,4000;586,2000;914,7000;360,6000;882,6000;632,8000;560,3000;1685,6000;252,6000;739,5000;2278,2000;1164,7000;852,1000;2417,6001;948,1000;879,7000;3074,8999;477,5000;973,4000;573,3000;410,3000;1095,2000;813,9000;97,5000;1136,1000;1724,3000;786,7000;639,4000;3521,3000;529,1000;1922,6000;1114,8000;1495,3000;401,3000;250,8000;998,0000;963,0000;446,0000;1040,7000;1357,0000;1620,1000;1144,1000;1264,3000;647,0000;1605,8000;557,6000;1772,3000;1214,2000;1230,1000;1014,0000;4528,7998;897,7000;555,3000
32395,0000;369,1000;1907,1000;1913,3000;716,6000;1252,9000;833,6000;909,8000;869,4000;688,7000;1040,9000;1076,6000;647,9000;1143,8000;1126,5000;1209,1000;1120,3000;3686,2000;963,4000;1096,4000;1168,9000;897,3000;508,3000;1741,8000;1929,6000;109,2000;466,9000;1072,3000;1524,6000;1072,0000;809,4000;328,1000;1478,0000;1141,5000;584,4000;602,0000;895,6000;357,3000;881,6000;610,7000;566,6000;1691,6000;254,7000;723,9000;2244,0000;1147,5000;837,5000;2362,3999;941,5000;899,7000;3074,8999;473,3000;979,0000;585,6000;407,8000;1100,5000;813,9000;97,5000;1115,8000;1740,7000;770,7000;650,9000;3498,0000;526,0000;1901,2000;1114,8000;1478,8000;396,6000;249,7000;998,0000;948,2000;450,4000;1011,8000;1337,0000;1632,3000;1115,1000;1253,4000;636,8000;1600,1000;546,2000;1743,9000;1233,3000;1230,1000;994,4000;4507,3999;915,3000;544,6000
32398,0000;369,1000;1920,1000;1913,3000;710,7000;1259,6000;841,9000;919,2000;866,3000;683,4000;1055,2000;1084,2000;659,8000;1148,1000;1126,5000;1182,8000;1114,6000;3692,2000;966,5000;1108,9000;1196,1000;930,0000;515,6000;1741,8000;1934,5000;109,2000;477,3000;1083,3000;1524,6000;1104,5000;800,9000;330,8000;1464,7000;1145,4000;588,9000;592,5000;875,4000;363,9000;896,1000;610,7000;577,9000;1685,6000;256,6000;727,0000;2235,5000;1159,0000;827,8000;2353,6001;948,1000;934,9000;3061,2000;481,8000;959,3000;589,7000;402,8000;1090,0000;788,5000;96,5000;1075,2000;1724,3000;786,7000;682,4000;3492,2000;522,9000;1927,9000;1104,7000;1445,8000;396,6000;250,8000;982,7000;953,1000;454,9000;1019,0000;1343,7000;1626,2000;1149,0000;1242,4000;650,4000;1597,2000;540,5000;1800,6000;1214,2000;1277,0000;1010,1000;4293,2998;909,4000;565,9000
32399,0000;372,7000;1920,1000;1924,4000;716,6000;1299,6000;850,1000;919,2000;866,3000;688,7000;1048,1000;1084,2000;651,4000;1148,1000;1138,5000;1209,1000;1114,6000;3692,2000;963,4000;1102,6000;1202,9000;951,7000;525,4000;1758,1000;1953,8000;109,2000;474,7000;1087,0000;1533,5000;1100,3000;805,2000;334,3000;1478,0000;1133,6000;600,3000;595,7000;881,4000;363,9000;905,7000;638,4000;577,9000;1679,6000;256,9000;761,4000;2261,3000;1170,5000;852,1000;2353,6001;961,2000;931,1000;3102,2000;490,3000;967,7000;585,6000;400,3000;1090,0000;794,8000;96,2000;1136,1000;1716,0000;770,7000;682,4000;3492,2000;522,9000;1927,9000;1135,1000;1470,5000;398,9000;252,3000;988,8000;941,2000;459,3000;1011,8000;1337,0000;1638,4000;1161,2000;1242,4000;640,2000;1611,5000;548,1000;1786,5000;1214,2000;1300,4000;1021,9000;4528,7998;897,7000;555,3000
32400,0000;370,3000;1939,5000;1891,2000;716,6000;1272,9000;841,9000;923,9000;863,3000;683,4000;1033,7000;1084,2000;643,0000;1152,5000;1142,5000;1198,6000;1126,1000;3655,8999;969,5000;1096,4000;1189,3000;946,3000;520,5000;1752,6000;1944,1000;109,2000;466,9000;1101,7000;1542,4000;1121,5000;805,2000;326,3000;1464,7000;1137,5000;593,5000;605,2000;883,7000;354,0000;925,0000;641,1000;589,9000;1667,7000;261,2000;764,5000;2321,3000;1153,3000;827,8000;2356,5000;974,4000;957,5000;3197,8999;503,1000;959,3000;581,5000;400,3000;1083,0000;801,2000;101,3000;1120,8000;1732,5000;757,8000;682,4000;3498,0000;529,1000;1922,6000;1125,0000;1470,5000;403,7000;252,7000;982,7000;949,1000;454,9000;1019,0000;1337,0000;1626,2000;1144,3000;1236,9000;640,2000;1602,9000;550,0000;1758,1000;1220,6000;1300,4000;1017,9000;4507,3999;909,4000;560,6000
32401,0000;370,3000;1939,5000;1891,2000;716,6000;1272,9000;841,9000;923,9000;863,3000;683,4000;1033,7000;1084,2000;643,0000;1152,5000;1142,5000;1198,6000;1126,1000;3655,8999;969,5000;1096,4000;1189,3000;946,3000;520,5000;1752,6000;1944,1000;109,2000;466,9000;1101,7000;1542,4000;1121,5000;805,2000;326,3000;1464,7000;1137,5000;593,5000;605,2000;883,7000;354,0000;925,0000;641,1000;589,9000;1667,7000;261,2000;764,5000;2321,3000;1153,3000;827,8000;2356,5000;974,4000;957,5000;3197,8999;503,1000;959,3000;581,5000;400,3000;1083,0000;801,2000;101,3000;1120,8000;1732,5000;757,8000;682,4000;3498,0000;529,1000;1922,6000;1125,0000;1470,5000;403,7000;252,7000;982,7000;949,1000;454,9000;1019,0000;1337,0000;1626,2000;1144,3000;1236,9000;640,2000;1602,9000;550,0000;1758,1000;1220,6000;1300,4000;1017,9000;4507,3999;909,4000;560,6000
32402,0000;369,7000;1933,1000;1880,1000;710,7000;1272,9000;841,9000;909,8000;866,3000;678,1000;1055,2000;1099,5000;624,9000;1148,1000;1134,5000;1177,6000;1143,3000;3674,1001;963,4000;1093,2000;1209,7000;973,5000;535,2000;1741,8000;1944,1000;109,2000;469,5000;1098,0000;1542,4000;1137,0000;796,6000;327,2000;1451,4000;1137,5000;602,6000;595,7000;893,3000;360,6000;953,9000;660,5000;599,3000;1685,6000;265,7000;789,4000;2321,3999;1170,5000;813,2000;2327,5000;994,2000;957,5000;3115,8999;524,4000;950,8000;573,3000;392,9000;1109,2000;794,8000;101,0000;1095,5000;1724,3000;761,0000;718,7000;3474,7000;526,0000;1922,6000;1145,2000;1445,8000;399,0000;257,9000;982,7000;954,1000;450,4000;1019,0000;1343,7000;1601,8000;1168,5000;1247,9000;629,9000;1608,7000;550,0000;1800,6000;1214,2000;1347,2000;1049,4000;4486,0000;915,3000;549,9000
32405,0000;366,1000;1926,6000;1858,0000;704,8000;1312,9000;841,9000;914,5000;866,3000;678,1000;1048,1000;1114,8000;603,9000;1161,3000;1134,5000;1167,0000;1126,1000;3662,0000;957,3000;1090,1000;1209,7000;978,9000;540,1000;1736,4000;1944,1000;109,2000;466,9000;1098,0000;1551,2000;1159,7000;788,1000;337,4000;1456,7000;1145,4000;600,3000;602,0000;893,3000;360,6000;963,5000;660,5000;611,9000;1691,6000;267,3000;789,4000;2244,3000;1181,9000;822,9000;2344,8999;994,2000;985,1000;3211,5000;515,9000;953,6000;593,8000;386,6000;1128,4000;807,6000;100,8000;1110,7000;1724,3000;751,4000;715,8000;3404,8999;519,8000;1917,2000;1165,5000;1429,2000;391,9000;260,6000;982,7000;964,0000;454,9000;1004,6000;1330,3000;1601,8000;1168,6000;1203,9000;633,3000;1591,5000;538,6000;1843,2000;1233,3000;1359,0000;1061,2000;4475,2998;897,7000;544,6000
32406,0000;359,5000;1907,1000;1846,9000;704,8000;1266,3000;825,4000;914,5000;854,3000;667,5000;1019,4000;1091,9000;597,0000;1196,4000;1126,5000;1130,2000;1120,3000;3655,8999;957,3000;1083,9000;1175,7000;951,7000;532,8000;1709,2000;1924,8000;109,2000;461,6000;1079,7000;1506,9000;1152,6000;771,1000;335,2000;1446,1000;1153,2000;593,5000;592,5000;893,3000;357,3000;939,4000;649,4000;591,8000;1691,6000;262,7000;777,0000;2244,3999;1147,5000;808,3000;2310,1001;967,8000;968,8000;3197,8999;507,4000;928,2000;606,1000;382,9000;1102,2000;788,5000;102,0000;1110,7000;1683,2000;735,4000;706,3000;3387,3999;516,7000;1909,2000;1125,0000;1412,7000;399,0000;255,3000;970,5000;949,1000;450,4000;990,1000;1343,7000;1571,4000;1127,5000;1214,9000;623,1000;1591,5000;523,5000;1814,8000;1284,5000;1312,1000;1037,6000;4400,3999;880,1000;544,6000
32407,0000;346,8000;1881,2000;1858,0000;704,8000;1266,3000;825,4000;914,5000;860,3000;667,5000;1033,7000;1084,2000;594,2000;1178,8000;1150,5000;1125,0000;1120,3000;3601,3999;948,1000;1071,4000;1168,9000;935,4000;525,4000;1730,9000;1948,9000;109,2000;451,2000;1061,3000;1498,1000;1186,5000;762,6000;337,9000;1422,1000;1153,2000;586,6000;589,3000;905,2000;357,3000;939,4000;638,4000;594,3000;1703,5000;262,7000;786,3000;2193,0000;1147,5000;798,6000;2298,3999;974,4000;990,1000;3143,2000;511,6000;908,5000;606,1000;377,9000;1116,2000;782,1000;94,2000;1136,1000;1683,2000;735,4000;687,2000;3329,2000;513,6000;1909,2000;1114,8000;1396,2000;382,4000;255,3000;970,5000;944,2000;459,3000;982,9000;1343,7000;1547,0000;1110,6000;1231,4000;629,9000;1588,7000;506,4000;1843,2000;1265,3000;1300,4000;1033,7000;4443,2002;868,4000;539,2000
32408,0000;339,6000;1861,7000;1824,8000;716,6000;1272,9000;818,8000;895,8000;860,3000;667,5000;1026,5000;1107,1000;587,2000;1165,7000;1134,5000;1119,7000;1126,1000;3607,5000;954,2000;1055,8000;1148,5000;919,1000;510,8000;1730,9000;1924,8000;109,2000;438,2000;1076,0000;1506,9000;1197,9000;771,1000;336,1000;1390,2000;1149,3000;582,1000;583,0000;912,3000;350,7000;939,4000;616,3000;584,8000;1691,6000;261,2000;777,0000;2270,2000;1130,3000;779,1000;2295,5000;974,4000;978,8000;3129,5000;507,4000;902,8000;602,0000;386,6000;1097,0000;782,1000;94,7000;1136,1000;1658,6000;735,4000;678,6000;3317,6001;513,6000;1946,6000;1104,7000;1379,7000;384,8000;251,9000;970,5000;924,4000;446,0000;975,7000;1337,0000;1534,8000;1084,0000;1214,9000;616,2000;1571,5000;502,6000;1857,4000;1271,7000;1300,4000;1021,9000;4368,2998;862,5000;539,2000
32409,0000;339,6000;1861,7000;1824,8000;716,6000;1272,9000;818,8000;895,8000;860,3000;667,5000;1026,5000;1107,1000;587,2000;1165,7000;1134,5000;1119,7000;1126,1000;3607,5000;954,2000;1055,8000;1148,5000;919,1000;510,8000;1730,9000;1924,8000;109,2000;438,2000;1076,0000;1506,9000;1197,9000;771,1000;336,1000;1390,2000;1149,3000;582,1000;583,0000;912,3000;350,7000;939,4000;616,3000;584,8000;1691,6000;261,2000;777,0000;2270,2000;1130,3000;779,1000;2295,5000;974,4000;978,8000;3129,5000;507,4000;902,8000;602,0000;386,6000;1097,0000;782,1000;94,7000;1136,1000;1658,6000;735,4000;678,6000;3317,6001;513,6000;1946,6000;1104,7000;1379,7000;384,8000;251,9000;970,5000;924,4000;446,0000;975,7000;1337,0000;1534,8000;1084,0000;1214,9000;616,2000;1571,5000;502,6000;1857,4000;1271,7000;1300,4000;1021,9000;4368,2998;862,5000;539,2000
32412,0000;337,8000;1822,8000;1824,8000;693,0000;1259,6000;815,5000;891,1000;860,3000;651,6000;1019,4000;1076,6000;593,5000;1170,1000;1146,5000;1067,2000;1103,1000;3571,2000;954,2000;1052,6000;1168,9000;897,3000;505,9000;1682,1000;1929,6000;109,2000;440,8000;1072,3000;1471,5000;1243,1000;775,3000;332,6000;1403,5000;1133,6000;566,1000;576,6000;908,7000;357,3000;929,8000;616,3000;585,5000;1709,5000;258,1000;786,3000;2270,3000;1130,3000;749,9000;2254,8000;974,4000;975,0000;3129,5000;486,1000;860,5000;602,0000;374,2000;1074,3000;769,4000;93,4000;1141,1000;1617,5000;735,4000;658,5000;3317,6001;516,7000;1935,9000;1114,8000;1346,6000;391,9000;247,1000;964,4000;929,4000;437,2000;961,2000;1323,6000;1528,8000;1081,6000;1236,9000;612,8000;1554,4000;496,9000;1814,8000;1278,1000;1300,4000;1014,0000;4282,6001;880,1000;539,2000
32413,0000;335,7000;1793,6000;1824,8000;695,0000;1212,9000;827,0000;900,4000;858,4000;667,5000;1019,4000;1084,2000;581,4000;1163,5000;1140,0000;1126,3000;1108,9000;3570,0000;940,1000;1043,3000;1185,2000;927,0000;509,8000;1684,1000;1915,2000;109,2000;440,8000;1092,5000;1466,2000;1301,8000;762,6000;343,2000;1412,0000;1157,1000;571,8000;576,6000;875,7000;355,2000;996,3000;650,5000;605,6000;1693,8000;256,9000;822,1000;2270,3000;1138,6000;819,5000;2266,5000;1041,9000;1015,8000;3093,3000;514,6000;933,7000;599,1000;374,7000;1087,4000;778,9000;93,8000;1148,1000;1596,0000;736,6000;685,3000;3282,6001;507,4000;1877,2000;1120,4000;1349,1000;391,9000;249,4000;953,3000;945,2000;441,4000;942,1000;1303,6000;1537,6000;1079,2000;1227,9000;619,6000;1624,4000;496,9000;1974,3000;1268,2000;1375,4000;1017,9000;4229,1001;877,0000;533,4000
32414,0000;335,1000;1793,6000;1780,6000;695,0000;1219,6000;827,8000;909,8000;876,6000;651,6000;1019,4000;1076,6000;579,3000;1163,5000;1152,1000;1173,9000;1091,6000;3551,8000;946,2000;1030,8000;1171,6000;916,1000;524,5000;1711,3000;1886,2000;109,2000;443,4000;1125,9000;1475,1000;1290,5000;749,8000;345,9000;1398,6000;1129,7000;569,5000;576,6000;884,1000;361,8000;986,6000;656,0000;618,2000;1699,8000;266,3000;834,6000;2261,7000;1155,9000;819,5000;2278,1001;1048,5000;1020,8000;3079,6001;527,5000;948,3000;599,1000;379,7000;1113,7000;766,2000;96,4000;1082,1000;1612,4000;730,1000;668,1000;3300,1001;519,8000;1887,8000;1120,4000;1332,5000;384,8000;249,4000;962,5000;930,4000;452,0000;963,8000;1323,6000;1531,5000;1081,6000;1233,4000;647,0000;1676,0000;502,6000;2002,7000;1261,8000;1351,9000;1025,8000;4271,8999;877,0000;560,6000
32415,0000;323,1000;1852,1000;1780,6000;706,9000;1199,6000;836,1000;900,4000;870,5000;646,3000;1019,4000;1076,6000;602,5000;1167,9000;1160,1000;1168,6000;1103,1000;3515,3999;952,3000;1033,9000;1158,0000;910,6000;526,9000;1733,0000;1871,8000;109,2000;435,6000;1088,8000;1475,1000;1283,4000;754,0000;348,6000;1382,6000;1121,8000;567,2000;579,8000;886,5000;368,4000;962,4000;661,5000;606,2000;1717,7000;266,6000;822,1000;2227,3999;1150,1000;809,7000;2266,5000;1028,7000;1010,8000;3093,3000;536,1000;951,2000;590,9000;386,0000;1087,4000;734,2000;93,8000;1137,9000;1628,9000;733,3000;672,9000;3276,8000;526,0000;1885,2000;1100,0000;1340,8000;384,8000;244,9000;983,9000;936,3000;456,5000;956,5000;1310,2000;1537,6000;1072,0000;1222,4000;643,6000;1644,5000;489,3000;1960,1000;1261,8000;1304,8000;1033,7000;4239,7998;865,2000;565,9000
32416,0000;319,4000;1917,1000;1824,8000;706,9000;1246,3000;869,2000;900,4000;882,6000;656,9000;1033,7000;1053,7000;606,0000;1167,9000;1176,1000;1216,2000;1103,1000;3570,0000;952,3000;1049,5000;1178,4000;910,6000;531,8000;1738,5000;1871,8000;109,2000;435,6000;1096,2000;1510,7000;1283,4000;766,8000;357,1000;1366,5000;1125,8000;567,2000;583,0000;881,7000;375,1000;986,6000;661,5000;617,6000;1723,7000;269,8000;822,1000;2210,3000;1127,1000;858,8000;2283,8999;1035,3000;1010,8000;3093,3000;540,4000;954,1000;595,0000;388,5000;1099,7000;759,8000;95,1000;1137,9000;1628,9000;746,2000;682,4000;3335,0000;526,0000;1949,3000;1120,4000;1324,3000;389,5000;244,1000;986,9000;937,3000;474,2000;963,8000;1330,3000;1543,7000;1072,0000;1261,0000;650,4000;1670,3000;493,1000;1960,1000;1274,6000;1316,6000;1025,8000;4261,2002;853,5000;560,6000
32419,0000;310,4000;1806,6000;1813,8000;712,8000;1232,9000;844,4000;900,4000;885,6000;656,9000;990,6000;1053,7000;588,4000;1189,8000;1176,1000;1158,0000;1080,1000;3521,5000;955,4000;1018,3000;1130,7000;877,9000;519,6000;1754,8000;1857,3000;109,2000;433,0000;1096,2000;1501,8000;1260,7000;754,0000;360,2000;1358,5000;1125,8000;553,5000;583,0000;882,9000;365,1000;963,4000;633,8000;626,4000;1723,7000;276,1000;809,6000;2150,3000;1115,6000;809,7000;2278,1001;1015,5000;988,1000;3148,1001;531,8000;939,5000;611,4000;394,8000;1104,9000;734,2000;93,8000;1137,9000;1612,4000;726,9000;663,3000;3317,6001;519,8000;1895,8000;1100,0000;1291,2000;368,2000;240,4000;990,0000;937,3000;460,9000;971,0000;1337,0000;1537,6000;1040,5000;1238,9000;650,4000;1667,4000;470,4000;1874,9000;1293,8000;1281,3000;1006,1000;4271,8999;853,5000;544,6000
32420,0000;301,3000;1813,1000;1813,8000;712,8000;1232,9000;827,8000;900,4000;891,7000;646,3000;983,5000;1061,3000;582,1000;1185,4000;1176,1000;1142,2000;1039,9000;3376,0000;949,3000;1002,7000;1110,3000;883,4000;512,2000;1743,9000;1838,0000;109,2000;425,1000;1185,1000;1484,0000;1283,4000;754,0000;366,0000;1339,8000;1106,2000;558,1000;579,8000;869,7000;381,7000;986,6000;653,2000;637,1000;1699,8000;285,6000;843,9000;2150,3000;1104,1000;809,7000;2257,7000;1035,3000;1013,3000;3134,3999;527,5000;957,1000;607,3000;394,8000;1225,9000;715,1000;90,8000;1107,5000;1604,2000;723,7000;660,4000;3311,7000;513,6000;1869,1000;1079,7000;1274,6000;365,8000;234,8000;993,0000;934,3000;474,2000;956,5000;1303,6000;1531,5000;1040,5000;1211,4000;647,0000;1750,6000;457,1000;1988,5000;1287,4000;1281,3000;998,3000;4175,5000;859,4000;544,6000
32421,0000;287,4000;1884,6000;1813,8000;706,9000;1219,6000;823,7000;900,4000;885,6000;656,9000;983,5000;1046,0000;582,1000;1176,7000;1176,1000;1131,6000;1057,1000;3339,6001;946,2000;987,0000;1062,6000;850,6000;495,1000;1743,9000;1784,9000;109,2000;417,3000;1185,1000;1457,3000;1283,4000;749,8000;360,2000;1315,7000;1106,2000;537,5000;564,0000;838,6000;381,7000;950,8000;653,2000;618,2000;1717,7000;282,4000;834,6000;2098,8999;1063,9000;814,6000;2251,8999;1015,5000;986,9000;3107,0000;531,8000;948,3000;611,4000;388,5000;1311,9000;727,9000;90,3000;1117,6000;1628,9000;730,1000;657,6000;3300,1001;516,7000;1869,1000;1049,1000;1241,5000;368,2000;229,1000;1002,2000;929,4000;478,6000;934,8000;1296,9000;1525,4000;994,5000;1211,4000;650,4000;1742,0000;445,7000;1974,3000;1274,6000;1222,5000;982,6000;4154,1001;835,8000;555,3000
32422,0000;291,1000;1852,1000;1880,1000;701,0000;1219,6000;817,1000;891,1000;882,6000;656,9000;940,4000;1023,1000;571,6000;1172,3000;1164,1000;1115,7000;1051,4000;3327,5000;961,5000;968,3000;1035,4000;839,7000;482,8000;1738,5000;1775,3000;109,2000;404,3000;1199,9000;1439,6000;1247,9000;745,5000;348,1000;1310,4000;1059,1000;530,6000;538,6000;832,6000;361,8000;918,9000;653,2000;605,0000;1735,7000;277,7000;825,2000;2056,1001;1058,1000;809,7000;2164,8000;976,0000;957,9000;3052,3000;518,9000;936,6000;615,5000;388,5000;1254,0000;715,1000;84,9000;1137,9000;1579,5000;726,9000;641,4000;3276,8000;513,6000;1866,5000;1038,9000;1208,4000;363,4000;226,1000;1005,3000;914,5000;465,3000;942,1000;1270,1000;1494,9000;1004,2000;1211,4000;643,6000;1742,0000;417,3000;1917,5000;1261,8000;1175,5000;970,8000;4068,5000;829,9000;555,3000
32423,0000;292,9000;1897,6000;1913,3000;701,0000;1186,3000;822,9000;891,1000;876,6000;646,3000;969,1000;1015,5000;568,8000;1176,7000;1156,1000;1099,9000;1057,1000;3394,2000;949,3000;999,5000;1055,8000;845,2000;492,6000;1733,0000;1760,8000;109,2000;412,1000;1222,1000;1430,7000;1260,7000;754,0000;357,1000;1337,1000;1059,1000;546,6000;541,8000;837,4000;375,1000;938,3000;647,7000;615,1000;1735,7000;277,0000;831,4000;2013,3000;1086,9000;790,1000;2159,0000;976,0000;964,2000;3038,6001;527,5000;933,7000;615,5000;384,7000;1297,8000;721,5000;84,9000;1117,6000;1596,0000;723,7000;644,2000;3259,3999;526,0000;1815,7000;1038,9000;1258,1000;368,2000;234,4000;986,9000;915,5000;469,8000;905,8000;1243,4000;1513,2000;1023,6000;1200,4000;636,8000;1759,3000;424,9000;1931,7000;1268,2000;1234,3000;982,6000;4014,8999;841,7000;544,6000
32426,0000;292,9000;1897,6000;1913,3000;701,0000;1186,3000;822,9000;891,1000;876,6000;646,3000;969,1000;1015,5000;568,8000;1176,7000;1156,1000;1099,9000;1057,1000;3394,2000;949,3000;999,5000;1055,8000;845,2000;492,6000;1733,0000;1760,8000;109,2000;412,1000;1222,1000;1430,7000;1260,7000;754,0000;357,1000;1337,1000;1059,1000;546,6000;541,8000;837,4000;375,1000;938,3000;647,7000;615,1000;1735,7000;277,0000;831,4000;2013,3000;1086,9000;790,1000;2159,0000;976,0000;964,2000;3038,6001;527,5000;933,7000;615,5000;384,7000;1297,8000;721,5000;84,9000;1117,6000;1596,0000;723,7000;644,2000;3259,3999;526,0000;1815,7000;1038,9000;1258,1000;368,2000;234,4000;986,9000;915,5000;469,8000;905,8000;1243,4000;1513,2000;1023,6000;1200,4000;636,8000;1759,3000;424,9000;1931,7000;1268,2000;1234,3000;982,6000;4014,8999;841,7000;544,6000
32427,0000;295,9000;1832,6000;1891,2000;706,9000;1219,6000;827,8000;886,4000;876,6000;656,9000;1005,0000;1030,8000;577,2000;1167,9000;1164,1000;1110,4000;1062,9000;3442,7000;943,1000;999,5000;1076,2000;839,7000;495,1000;1738,5000;1784,9000;109,2000;404,3000;1259,2000;1421,8000;1276,3000;749,8000;361,5000;1345,1000;1055,2000;542,1000;532,3000;815,8000;381,7000;941,2000;656,0000;615,1000;1753,7000;281,2000;828,3000;2004,7000;1069,6000;790,1000;2176,3999;995,7000;986,9000;3024,8999;514,6000;968,7000;607,3000;384,7000;1339,9000;727,9000;85,5000;1102,4000;1604,2000;730,1000;639,4000;3259,3999;526,0000;1869,1000;1038,9000;1258,1000;368,2000;234,8000;1005,3000;909,6000;474,2000;920,3000;1256,8000;1525,4000;1030,8000;1156,3000;647,0000;1790,8000;440,0000;1960,1000;1268,2000;1222,5000;982,6000;4079,2000;829,9000;539,2000
32428,0000;295,9000;1806,6000;1891,2000;706,9000;1186,3000;827,8000;881,7000;900,7000;672,8000;954,7000;1000,2000;577,9000;1167,9000;1184,2000;1205,6000;1051,4000;3333,6001;949,3000;980,8000;1028,5000;812,5000;492,6000;1792,8000;1809,0000;109,2000;406,9000;1292,5000;1412,9000;1270,6000;745,5000;364,2000;1318,4000;1106,2000;526,1000;532,3000;819,4000;385,0000;920,8000;661,5000;605,6000;1789,6000;287,1000;818,9000;1953,3000;1035,1000;814,6000;2176,3999;989,1000;974,3000;2970,1001;506,1000;1000,8000;607,3000;394,8000;1368,0000;702,3000;89,3000;1082,1000;1587,7000;739,8000;634,7000;3241,8999;526,0000;1829,1000;1013,5000;1274,6000;368,2000;227,2000;1008,3000;913,5000;478,6000;927,6000;1263,5000;1513,2000;1028,4000;1167,4000;653,9000;1822,4000;447,6000;1974,3000;1268,2000;1187,3000;986,5000;4068,5000;835,8000;544,6000
32429,0000;289,8000;1806,6000;1869,1000;706,9000;1159,6000;827,8000;867,6000;903,8000;667,5000;918,9000;985,0000;561,1000;1176,7000;1184,2000;1216,2000;1028,4000;3157,8000;949,3000;968,3000;980,9000;796,1000;480,4000;1792,8000;1789,7000;109,2000;412,1000;1337,0000;1404,0000;1239,4000;728,5000;357,1000;1270,3000;1063,0000;514,6000;516,4000;779,9000;385,0000;902,5000;661,5000;601,2000;1783,6000;283,0000;809,6000;1910,5000;1000,6000;834,2000;2159,0000;969,4000;957,9000;2983,8000;501,8000;1012,5000;603,2000;394,8000;1369,8000;695,9000;87,7000;1127,8000;1587,7000;752,6000;620,4000;3265,2000;526,0000;1829,1000;978,8000;1224,9000;358,7000;223,9000;1020,5000;910,6000;483,0000;913,1000;1263,5000;1501,0000;975,2000;1172,9000;674,4000;1828,1000;441,9000;2016,9000;1242,6000;1170,8000;978,6000;4025,6001;829,9000;576,6000
32430,0000;292,9000;1800,1000;1858,0000;712,8000;1153,0000;819,6000;858,2000;915,8000;651,6000;926,0000;969,7000;568,1000;1185,4000;1212,3000;1258,5000;1005,4000;3260,8000;958,5000;993,3000;994,5000;807,0000;480,4000;1836,3000;1780,1000;109,2000;399,1000;1362,9000;1377,4000;1236,6000;728,5000;357,1000;1281,0000;1055,2000;514,6000;545,0000;772,7000;395,0000;919,9000;692,0000;599,3000;1825,5000;288,7000;828,3000;1936,2000;1029,4000;853,9000;2150,2000;982,5000;955,4000;2942,8000;501,8000;1041,7000;607,3000;393,5000;1420,6000;689,6000;87,0000;1153,2000;1571,3000;778,4000;619,4000;3271,0000;532,2000;1829,1000;989,0000;1224,9000;339,7000;223,5000;1038,9000;908,6000;483,0000;920,3000;1276,8000;1494,9000;980,0000;1211,4000;708,6000;1836,7000;436,2000;2016,9000;1249,0000;1169,6000;970,8000;3950,7000;841,7000;598,0000
32433,0000;284,4000;1800,1000;1858,0000;712,8000;1159,6000;803,0000;844,2000;927,9000;646,3000;926,0000;992,6000;561,8000;1172,3000;1244,4000;1247,9000;1016,9000;3273,0000;964,6000;995,5000;1014,9000;812,5000;475,5000;1847,1000;1809,0000;109,2000;417,3000;1322,1000;1359,6000;1283,4000;737,0000;353,5000;1278,3000;1051,2000;523,8000;541,8000;778,7000;395,0000;921,8000;697,5000;599,3000;1855,4000;286,2000;822,1000;1893,3000;1035,1000;848,9000;2121,2000;962,8000;975,5000;2833,3000;501,8000;1053,3000;607,3000;394,8000;1389,0000;702,3000;83,7000;1168,4000;1587,7000;791,2000;616,5000;3317,6001;541,4000;1826,4000;1008,4000;1233,2000;342,0000;226,9000;1045,0000;897,7000;487,5000;920,3000;1256,8000;1482,7000;987,3000;1200,4000;705,2000;1808,0000;438,1000;1960,1000;1236,2000;1169,6000;966,8000;3961,3999;847,6000;598,0000
32434,0000;289,8000;1793,6000;1858,0000;701,0000;1159,6000;811,3000;853,5000;912,8000;651,6000;933,2000;977,3000;557,6000;1172,3000;1260,4000;1221,5000;1034,2000;3254,8000;958,5000;998,7000;1035,4000;817,9000;475,5000;1814,5000;1813,9000;109,2000;417,3000;1277,7000;1386,3000;1276,3000;737,0000;345,0000;1275,6000;1066,9000;532,9000;548,1000;784,6000;381,7000;935,3000;669,8000;590,4000;1813,5000;281,8000;797,1000;1867,6000;1035,1000;824,4000;2068,8999;949,6000;962,9000;2846,8999;506,1000;1027,1000;603,2000;394,8000;1327,7000;695,9000;83,4000;1153,2000;1620,6000;788,0000;615,6000;3224,3999;535,2000;1815,7000;1049,1000;1233,2000;327,8000;229,9000;1023,6000;890,8000;483,0000;920,3000;1230,0000;1494,9000;1001,8000;1211,4000;684,7000;1762,1000;443,8000;1889,1000;1242,6000;1175,5000;974,7000;3972,1001;835,8000;582,0000
32435,0000;289,8000;1787,1000;1846,9000;712,8000;1153,0000;812,1000;844,2000;912,8000;646,3000;947,6000;985,0000;561,1000;1159,1000;1244,4000;1226,8000;1034,2000;3303,3000;955,4000;1004,9000;1055,8000;823,4000;480,4000;1809,1000;1847,6000;109,2000;419,9000;1277,7000;1377,4000;1311,7000;745,5000;348,6000;1270,3000;1094,4000;535,2000;564,0000;783,5000;388,3000;930,5000;683,7000;601,2000;1813,5000;284,0000;797,1000;1901,9000;1035,1000;829,3000;2063,1001;956,2000;990,6000;2915,3999;510,3000;1027,1000;603,2000;393,5000;1401,3000;702,3000;84,9000;1153,2000;1612,4000;788,0000;621,3000;3201,2000;532,2000;1797,1000;1028,7000;1233,2000;332,5000;232,9000;1029,7000;889,8000;487,5000;934,8000;1203,3000;1482,7000;999,4000;1216,9000;712,1000;1750,6000;436,2000;1945,9000;1236,2000;1175,5000;982,6000;4014,8999;835,8000;608,7000
32436,0000;277,8000;1696,1000;1824,8000;701,0000;1159,6000;820,4000;853,5000;912,8000;641,0000;926,0000;969,7000;551,3000;1159,1000;1240,4000;1242,6000;1051,4000;3279,0000;955,4000;1008,1000;1035,4000;817,9000;475,5000;1798,2000;1929,6000;101,7000;443,4000;1255,5000;1359,6000;1321,6000;741,3000;350,4000;1246,2000;1117,9000;539,8000;551,3000;766,7000;385,0000;919,9000;683,7000;599,9000;1825,5000;283,0000;812,7000;1901,9000;1023,6000;853,9000;2106,6001;976,0000;993,2000;2833,3000;523,2000;1050,4000;607,3000;407,3000;1403,1000;708,7000;86,2000;1137,9000;1612,4000;784,8000;622,3000;3230,3000;541,4000;1821,1000;1016,5000;1224,9000;346,8000;233,3000;1038,9000;881,9000;491,9000;956,5000;1210,0000;1525,4000;997,0000;1216,9000;715,5000;1744,9000;434,3000;1945,9000;1223,3000;1170,8000;970,8000;4111,2998;835,8000;614,0000
32437,0000;277,8000;1728,6000;1835,9000;712,8000;1159,6000;812,1000;858,2000;918,9000;641,0000;911,7000;946,8000;534,4000;1141,5000;1240,4000;1237,3000;1034,2000;3224,5000;961,5000;1001,8000;1008,1000;812,5000;470,6000;1798,2000;1915,2000;103,3000;451,2000;1262,9000;1368,5000;1340,1000;732,7000;357,1000;1256,9000;1153,2000;523,8000;541,8000;772,7000;381,7000;924,7000;694,7000;612,5000;1807,5000;287,1000;800,2000;1884,8000;1023,6000;844,0000;2222,8999;976,0000;1000,7000;2819,6001;523,2000;1035,8000;599,1000;417,3000;1420,6000;689,6000;85,5000;1143,0000;1596,0000;781,6000;617,5000;3195,3000;544,5000;1858,5000;1008,4000;1208,4000;349,2000;229,1000;1041,9000;877,0000;487,5000;956,5000;1256,8000;1507,1000;975,2000;1222,4000;718,9000;1759,3000;411,6000;1960,1000;1184,9000;1163,8000;970,8000;4132,7002;847,6000;624,7000
32440,0000;268,7000;1676,6000;1824,8000;695,0000;1153,0000;809,6000;853,5000;906,8000;635,7000;911,7000;923,9000;561,1000;1119,6000;1236,4000;1189,7000;1045,7000;3212,3999;958,5000;995,5000;987,7000;785,2000;475,5000;1792,8000;1895,9000;102,5000;443,4000;1259,2000;1404,0000;1344,3000;728,5000;356,6000;1206,1000;1137,5000;510,1000;538,6000;772,7000;378,4000;887,0000;683,7000;604,3000;1765,6000;282,4000;797,1000;1850,5000;1006,4000;829,3000;2077,6001;969,4000;990,6000;2723,8000;527,5000;1021,2000;599,1000;409,8000;1399,6000;695,9000;82,7000;1158,3000;1596,0000;771,9000;613,7000;3160,3999;532,2000;1815,7000;1003,3000;1183,6000;346,8000;224,6000;1014,4000;873,0000;487,5000;949,3000;1250,1000;1482,7000;965,5000;1233,4000;698,4000;1736,3000;388,8000;1917,5000;1178,5000;1099,1000;959,0000;4154,1001;853,5000;614,0000
32441,0000;261,5000;1670,1000;1835,9000;701,0000;1133,0000;811,3000;848,9000;906,8000;656,9000;904,5000;908,6000;546,4000;1119,6000;1236,4000;1189,7000;1045,7000;3169,8999;955,4000;992,4000;980,9000;779,7000;485,3000;1787,4000;1891,1000;102,5000;443,4000;1314,7000;1368,5000;1389,7000;737,0000;374,9000;1208,7000;1129,7000;507,8000;545,0000;772,7000;378,4000;904,4000;675,4000;621,4000;1765,6000;284,0000;797,1000;1867,6000;1000,6000;829,3000;2077,6001;982,5000;1022,1000;2696,3999;544,6000;995,0000;595,0000;407,3000;1453,9000;676,8000;82,7000;1143,0000;1604,2000;781,6000;619,4000;3189,5000;541,4000;1829,1000;993,1000;1183,6000;344,4000;223,9000;1017,5000;884,9000;487,5000;956,5000;1230,0000;1464,4000;965,5000;1216,9000;691,5000;1770,7000;396,4000;1974,3000;1165,7000;1122,6000;974,7000;4100,6001;882,9000;608,7000
32442,0000;256,0000;1624,6000;1824,8000;706,9000;1126,3000;812,1000;853,5000;906,8000;646,3000;926,0000;931,5000;568,1000;1119,6000;1232,3000;1173,9000;1068,6000;3103,3000;949,3000;979,9000;974,0000;790,7000;500,0000;1765,6000;1881,4000;100,0000;448,6000;1318,4000;1377,4000;1411,0000;728,5000;388,3000;1203,4000;1110,1000;507,8000;548,1000;802,6000;375,1000;915,0000;680,9000;629,6000;1765,6000;287,8000;815,8000;1893,3000;1006,4000;829,3000;2054,3000;1015,5000;1037,2000;2600,6001;553,2000;1003,7000;595,0000;408,6000;1466,2000;676,8000;82,7000;1148,1000;1628,9000;788,0000;629,9000;3148,8000;544,5000;1789,0000;998,2000;1183,6000;332,5000;223,9000;1008,3000;894,8000;487,5000;942,1000;1210,0000;1440,0000;943,7000;1216,9000;712,1000;1770,7000;400,2000;1988,5000;1172,1000;1135,6000;978,6000;4025,6001;888,8000;619,3000
32443,0000;244,0000;1559,6000;1791,6000;689,1000;1126,3000;822,9000;848,9000;906,8000;646,3000;933,2000;908,6000;564,6000;1128,4000;1224,3000;1173,9000;1068,6000;3073,0000;949,3000;970,5000;967,2000;801,6000;485,3000;1760,2000;1823,5000;98,3000;435,6000;1370,3000;1377,4000;1489,0000;720,0000;390,5000;1198,1000;1086,5000;507,8000;538,6000;814,6000;381,7000;900,5000;689,2000;643,4000;1759,6000;285,9000;831,4000;1884,8000;989,1000;819,5000;1932,3000;1035,3000;1076,2000;2573,2000;570,4000;1030,0000;595,0000;401,0000;1541,6000;664,0000;82,2000;1148,1000;1579,5000;784,8000;621,3000;3108,0000;544,5000;1757,0000;989,0000;1175,3000;332,5000;221,6000;1011,4000;929,4000;487,5000;942,1000;1136,4000;1385,1000;941,3000;1211,4000;715,5000;1828,1000;398,3000;2073,8000;1165,7000;1142,6000;974,7000;3886,5000;900,6000;624,7000
32444,0000;240,9000;1566,1000;1769,5000;683,1000;1126,3000;824,5000;853,5000;903,8000;651,6000;904,5000;885,7000;551,3000;1124,0000;1212,3000;1147,4000;1057,1000;3048,7000;943,1000;939,2000;946,8000;801,6000;482,8000;1760,2000;1780,1000;97,5000;435,6000;1396,2000;1359,6000;1474,8000;707,2000;388,3000;1190,0000;1074,8000;503,2000;532,3000;829,0000;381,7000;911,2000;697,5000;656,1000;1687,8000;284,0000;856,4000;1841,9000;977,6000;819,5000;2031,1000;1041,9000;1073,7000;2532,1001;566,1000;1021,2000;595,0000;388,5000;1559,2000;644,9000;78,6000;1132,9000;1480,8000;788,0000;629,9000;2997,3999;541,4000;1708,9000;989,0000;1133,9000;334,9000;220,1000;1023,6000;947,2000;487,5000;949,3000;1156,5000;1342,3000;931,6000;1200,4000;736,0000;1822,4000;388,8000;2045,3000;1172,1000;1157,9000;955,1000;3832,8999;900,6000;619,3000
32447,0000;244,6000;1657,1000;1813,8000;706,9000;1119,6000;836,1000;872,3000;909,8000;651,6000;911,7000;916,2000;547,1000;1159,1000;1244,4000;1173,9000;1085,9000;3115,3999;943,1000;954,8000;994,5000;817,9000;487,7000;1792,8000;1905,5000;95,8000;451,2000;1388,8000;1395,1000;1489,0000;732,7000;389,2000;1230,1000;1059,1000;512,3000;541,8000;838,6000;398,3000;934,4000;705,8000;643,4000;1705,8000;286,2000;868,9000;1927,6000;1035,1000;804,8000;2034,0000;1028,7000;1069,9000;2545,8000;561,8000;1009,6000;619,6000;386,0000;1525,8000;664,0000;78,6000;1132,9000;1423,2000;788,0000;655,7000;3026,5000;553,8000;1757,0000;1028,7000;1175,3000;344,4000;225,0000;1023,6000;921,5000;522,9000;934,8000;1196,6000;1421,7000;943,7000;1238,9000;729,2000;1808,0000;409,7000;2031,1000;1229,7000;1187,3000;986,5000;4014,8999;877,0000;614,0000
32448,0000;247,6000;1676,6000;1813,8000;706,9000;1166,3000;844,4000;881,7000;900,7000;651,6000;918,9000;946,8000;548,5000;1154,7000;1204,2000;1173,9000;1068,6000;3182,1001;937,0000;958,0000;1001,3000;817,9000;482,8000;1776,5000;1905,5000;94,2000;448,6000;1370,3000;1421,8000;1545,7000;728,5000;387,4000;1254,2000;1059,1000;505,5000;541,8000;815,8000;404,9000;919,9000;714,1000;668,7000;1729,7000;285,6000;897,1000;1936,2000;1035,1000;790,1000;2022,4000;1041,9000;1101,4000;2573,2000;553,2000;995,0000;636,0000;383,5000;1525,8000;695,9000;77,3000;1122,7000;1472,6000;794,5000;649,9000;3032,3999;550,7000;1749,0000;1003,3000;1200,1000;349,2000;225,0000;1014,4000;918,5000;514,1000;956,5000;1183,2000;1409,5000;951,0000;1233,4000;729,2000;1793,7000;432,4000;2116,3999;1249,0000;1187,3000;959,0000;4036,3000;871,1000;614,0000
32449,0000;250,6000;1676,6000;1813,8000;701,0000;1153,0000;877,5000;881,7000;906,8000;651,6000;897,3000;916,2000;542,2000;1159,1000;1220,3000;1168,6000;1057,1000;3169,8999;940,1000;954,8000;960,4000;785,2000;465,7000;1781,9000;1881,4000;92,5000;448,6000;1362,9000;1404,0000;1588,2000;732,7000;387,4000;1224,8000;1055,2000;500,9000;532,3000;800,2000;424,9000;909,2000;722,4000;643,4000;1705,8000;289,4000;897,1000;1884,8000;1017,9000;790,1000;1949,7000;1068,3000;1122,8000;2600,6001;527,5000;1003,7000;652,4000;407,3000;1510,1000;683,2000;77,3000;1132,9000;1480,8000;791,2000;629,9000;3026,5000;553,8000;1725,0000;1005,3000;1191,8000;351,5000;221,2000;1011,4000;922,4000;518,5000;942,1000;1203,3000;1427,8000;943,7000;1205,9000;718,9000;1785,1000;426,8000;2102,2000;1255,4000;1153,2000;943,3000;3972,1001;871,1000;614,0000
32450,0000;250,6000;1676,6000;1813,8000;701,0000;1153,0000;877,5000;881,7000;906,8000;651,6000;897,3000;916,2000;542,2000;1159,1000;1220,3000;1168,6000;1057,1000;3169,8999;940,1000;954,8000;960,4000;785,2000;465,7000;1781,9000;1881,4000;92,5000;448,6000;1362,9000;1404,0000;1588,2000;732,7000;387,4000;1224,8000;1055,2000;500,9000;532,3000;800,2000;424,9000;909,2000;722,4000;643,4000;1705,8000;289,4000;897,1000;1884,8000;1017,9000;790,1000;1949,7000;1068,3000;1122,8000;2600,6001;527,5000;1003,7000;652,4000;407,3000;1510,1000;683,2000;77,3000;1132,9000;1480,8000;791,2000;629,9000;3026,5000;553,8000;1725,0000;1005,3000;1191,8000;351,5000;221,2000;1011,4000;922,4000;518,5000;942,1000;1203,3000;1427,8000;943,7000;1205,9000;718,9000;1785,1000;426,8000;2102,2000;1255,4000;1153,2000;943,3000;3972,1001;871,1000;614,0000
32451,0000;244,6000;1650,6000;1791,6000;701,0000;1126,3000;910,6000;881,7000;897,7000;646,3000;883,0000;916,2000;544,3000;1163,5000;1208,3000;1152,7000;1034,2000;3121,3999;943,1000;936,1000;940,0000;763,4000;446,1000;1792,8000;1833,2000;92,5000;448,6000;1407,3000;1368,5000;1574,1000;728,5000;395,4000;1203,4000;1035,5000;482,6000;522,8000;800,2000;431,5000;880,2000;741,8000;649,7000;1723,7000;296,3000;919,0000;1867,6000;971,9000;780,2000;1975,9000;1081,5000;1131,6000;2600,6001;527,5000;997,9000;668,9000;394,8000;1552,2000;657,6000;77,3000;1127,8000;1447,9000;800,9000;621,3000;2968,3000;550,7000;1671,6000;990,0000;1167,0000;344,4000;217,5000;1005,3000;909,6000;518,5000;942,1000;1169,9000;1385,1000;919,5000;1205,9000;718,9000;1825,3000;398,3000;2116,3999;1216,9000;1134,4000;911,8000;3897,2000;865,2000;614,0000
32454,0000;238,5000;1598,6000;1747,4000;712,8000;1139,6000;894,1000;867,6000;897,7000;641,0000;861,4000;923,9000;529,5000;1163,5000;1204,2000;1110,4000;1005,4000;3060,8000;930,9000;917,3000;933,2000;768,8000;438,7000;1781,9000;1823,5000;90,8000;440,8000;1362,9000;1377,4000;1517,3000;720,0000;390,5000;1208,7000;1012,0000;480,3000;519,6000;785,8000;434,8000;890,9000;758,4000;637,1000;1705,8000;296,6000;965,8000;1850,5000;1006,4000;780,2000;1975,9000;1068,3000;1120,3000;2573,2000;518,9000;989,1000;677,1000;399,8000;1517,1000;670,4000;76,1000;1117,6000;1464,3000;784,8000;622,3000;2846,1001;544,5000;1636,8000;979,9000;1167,0000;356,3000;215,2000;1002,2000;910,6000;527,4000;963,8000;1189,9000;1372,8000;902,6000;1266,5000;708,6000;1831,0000;394,5000;2073,8000;1210,5000;1132,0000;888,2000;3886,5000;853,5000;598,0000
32455,0000;242,7000;1657,1000;1769,5000;712,8000;1159,6000;869,2000;862,9000;903,8000;651,6000;904,5000;946,8000;542,9000;1163,5000;1220,3000;1131,6000;1016,9000;3163,8999;937,0000;942,3000;994,5000;801,6000;446,1000;1765,6000;1823,5000;91,7000;446,0000;1418,4000;1359,6000;1531,5000;720,0000;389,2000;1246,2000;1019,9000;500,9000;526,0000;800,2000;438,1000;921,8000;752,9000;643,4000;1693,8000;296,0000;965,8000;1876,2000;1029,4000;760,6000;1984,6000;1048,5000;1105,2000;2628,0000;527,5000;968,7000;668,9000;394,8000;1525,8000;683,2000;78,6000;1117,6000;1480,8000;797,7000;653,8000;2787,8999;544,5000;1642,2000;1011,4000;1167,0000;368,2000;223,9000;1020,5000;916,5000;527,4000;956,5000;1189,9000;1366,7000;941,3000;1255,5000;718,9000;1891,3000;417,3000;2116,3999;1216,9000;1170,8000;907,9000;3907,8999;853,5000;603,3000
32456,0000;244,6000;1676,6000;1791,6000;718,8000;1146,3000;869,2000;877,0000;943,1000;641,0000;904,5000;962,1000;544,3000;1159,1000;1236,4000;1216,2000;1011,2000;3127,5000;937,0000;932,9000;974,0000;796,1000;446,1000;1798,2000;1833,2000;91,7000;443,4000;1444,4000;1359,6000;1559,9000;720,0000;389,6000;1222,1000;1019,9000;503,2000;516,4000;796,6000;454,7000;909,2000;752,9000;643,4000;1747,7000;299,8000;972,1000;1910,5000;1023,6000;775,3000;2016,6000;1048,5000;1112,7000;2669,0000;531,8000;1006,7000;689,4000;396,0000;1543,4000;670,4000;78,6000;1112,5000;1472,6000;836,3000;651,9000;2817,0000;541,4000;1628,8000;1012,4000;1175,3000;375,3000;221,6000;1041,9000;907,6000;554,0000;956,5000;1189,9000;1378,9000;963,1000;1266,5000;773,7000;1940,1000;407,8000;2173,2000;1223,3000;1164,9000;907,9000;3907,8999;841,7000;640,7000
32457,0000;239,1000;1650,6000;1835,9000;730,7000;1133,0000;869,2000;877,0000;970,3000;641,0000;868,6000;946,8000;577,2000;1141,5000;1252,4000;1226,8000;993,9000;3073,0000;967,6000;939,2000;940,0000;785,2000;438,7000;1863,4000;1852,5000;93,3000;453,8000;1411,0000;1412,9000;1517,3000;720,0000;392,8000;1208,7000;1027,7000;500,9000;532,3000;785,8000;448,1000;897,6000;747,3000;637,1000;1771,6000;301,3000;947,1000;1816,2000;994,9000;795,0000;2004,9000;1094,6000;1091,3000;2669,0000;536,1000;1035,8000;677,1000;396,0000;1545,1000;657,6000;76,3000;1127,8000;1431,4000;881,3000;633,7000;2886,8999;547,6000;1626,2000;989,0000;1167,0000;370,5000;217,1000;1066,4000;907,6000;545,1000;942,1000;1196,6000;1348,4000;929,2000;1255,5000;784,0000;1940,1000;398,3000;2187,3999;1216,9000;1153,2000;900,0000;3886,5000;865,2000;635,4000
32458,0000;236,1000;1689,6000;1946,5000;754,4000;1186,3000;902,4000;891,1000;994,4000;672,8000;883,0000;931,5000;561,8000;1150,3000;1292,6000;1263,8000;993,9000;3115,3999;1004,4000;939,2000;960,4000;796,1000;451,0000;1982,9000;1920,0000;95,8000;474,7000;1411,0000;1492,9000;1517,3000;762,6000;397,2000;1248,9000;1070,9000;507,8000;535,5000;787,0000;448,1000;895,7000;761,2000;637,1000;1903,3000;301,3000;950,2000;1833,4000;1012,1000;839,1000;2039,8000;1094,6000;1096,4000;2737,3999;540,4000;1094,2000;689,4000;413,6000;1524,1000;670,4000;77,1000;1173,5000;1464,3000;910,2000;639,4000;2939,2000;556,9000;1642,2000;996,2000;1175,3000;384,8000;217,1000;1106,1000;904,7000;545,1000;942,1000;1203,3000;1403,4000;953,4000;1294,0000;784,0000;1937,2000;396,4000;2159,0000;1229,7000;1161,4000;896,1000;4036,3000;877,0000;651,4000
32461,0000;229,5000;1793,6000;1990,7000;778,2000;1206,3000;885,8000;900,4000;1009,6000;678,1000;875,8000;923,9000;557,6000;1137,1000;1308,6000;1284,9000;988,2000;3079,0000;1019,7000;942,3000;946,8000;779,7000;443,6000;1988,4000;1939,3000;98,3000;469,5000;1440,6000;1537,3000;1489,0000;792,4000;397,2000;1206,1000;1114,0000;498,6000;538,6000;805,0000;451,4000;889,9000;755,6000;630,8000;1951,2000;299,5000;944,0000;1841,9000;994,9000;878,4000;1996,2000;1068,3000;1092,6000;2888,0000;536,1000;1105,9000;693,5000;409,8000;1489,0000;657,6000;76,1000;1224,3000;1530,1000;919,9000;634,7000;2968,3000;572,4000;1695,6000;990,0000;1175,3000;382,4000;216,7000;1145,8000;900,7000;540,7000;956,5000;1216,7000;1403,4000;931,6000;1294,0000;777,1000;1965,9000;398,3000;2116,3999;1210,5000;1147,3000;904,0000;4014,8999;865,2000;662,0000
32462,0000;235,5000;1884,6000;1979,7000;766,3000;1212,9000;877,5000;909,8000;1000,5000;699,3000;897,3000;946,8000;547,8000;1145,9000;1296,6000;1274,4000;999,7000;3157,8000;1004,4000;948,6000;960,4000;790,7000;453,4000;1988,4000;1973,1000;97,5000;474,7000;1466,6000;1537,3000;1588,2000;809,4000;397,2000;1227,5000;1137,5000;505,5000;570,3000;830,2000;444,8000;909,2000;761,2000;637,1000;1915,3000;298,2000;972,1000;1884,8000;1035,1000;858,8000;1996,2000;1081,5000;1144,2000;2956,3999;536,1000;1105,9000;681,2000;409,8000;1508,3000;676,8000;78,6000;1193,8000;1530,1000;907,0000;639,4000;3026,5000;572,4000;1682,2000;1003,3000;1233,2000;382,4000;218,6000;1133,6000;914,5000;536,2000;949,3000;1250,1000;1440,0000;934,0000;1288,5000;777,1000;1994,6000;400,2000;2159,0000;1204,1000;1163,8000;911,8000;4068,5000;859,4000;667,4000
32463,0000;244,0000;1917,1000;1935,4000;760,4000;1252,9000;885,8000;914,5000;985,4000;699,3000;926,0000;946,8000;570,2000;1145,9000;1268,5000;1247,9000;1045,7000;3206,3000;1010,5000;989,3000;1001,3000;828,8000;460,8000;1977,5000;1939,3000;101,7000;479,9000;1455,5000;1519,5000;1545,7000;817,9000;392,8000;1246,2000;1114,0000;523,8000;579,8000;836,2000;448,1000;920,8000;780,5000;627,7000;1873,4000;295,4000;972,1000;1927,6000;1069,6000;834,2000;2031,1000;1074,9000;1150,5000;2997,5000;536,1000;1091,3000;685,3000;409,8000;1490,8000;689,6000;79,9000;1153,2000;1563,1000;900,6000;662,4000;3003,3000;587,8000;1700,9000;1015,5000;1274,6000;384,8000;224,6000;1121,4000;929,4000;531,8000;963,8000;1256,8000;1464,4000;984,9000;1261,0000;770,3000;1968,8000;413,5000;2130,6001;1210,5000;1199,0000;947,2000;4122,0000;859,4000;678,1000
32464,0000;266,3000;1910,6000;1935,4000;730,7000;1239,6000;869,2000;909,8000;982,3000;683,4000;969,1000;992,6000;571,6000;1132,8000;1284,5000;1242,6000;1051,4000;3291,2000;1010,5000;1017,5000;1042,2000;839,7000;470,6000;1982,9000;1958,6000;103,3000;466,9000;1444,4000;1537,3000;1517,3000;809,4000;389,6000;1283,6000;1098,3000;537,5000;583,0000;838,6000;448,1000;918,9000;783,3000;629,6000;1903,3000;293,5000;965,8000;2013,3000;1109,9000;834,2000;2071,8000;1068,3000;1130,4000;2956,3999;548,9000;1082,5000;673,0000;409,8000;1466,2000;702,3000;79,4000;1188,7000;1579,5000;897,4000;662,4000;3026,5000;584,7000;1722,3000;1028,7000;1324,3000;387,2000;233,6000;1130,5000;916,5000;540,7000;1000,0000;1270,1000;1470,5000;1006,6000;1272,0000;766,8000;1945,8000;432,4000;2116,3999;1204,1000;1187,3000;982,6000;4239,7998;859,4000;672,7000
32465,0000;271,7000;2014,5000;1979,7000;742,5000;1239,6000;869,2000;900,4000;994,4000;678,1000;947,6000;992,6000;573,7000;1141,5000;1268,5000;1247,9000;1034,2000;3327,5000;1010,5000;1001,8000;1001,3000;834,3000;463,2000;1977,5000;1944,1000;103,3000;469,5000;1511,0000;1537,3000;1531,5000;805,2000;386,5000;1305,0000;1090,5000;542,1000;592,5000;832,6000;444,8000;904,4000;816,5000;627,7000;1897,3000;296,6000;984,6000;1970,4000;1081,1000;853,9000;2004,9000;1074,9000;1168,1000;2901,7000;540,4000;1076,7000;685,3000;412,3000;1492,5000;715,1000;82,7000;1193,8000;1596,0000;910,2000;646,1000;3207,0000;578,6000;1730,3000;1018,6000;1324,3000;396,7000;237,0000;1127,5000;914,5000;531,8000;985,5000;1256,8000;1470,5000;1011,5000;1261,0000;794,2000;2026,2000;432,4000;2159,0000;1204,1000;1175,5000;998,3000;4207,7002;865,2000;704,8000
32468,0000;262,1000;1988,5000;1968,6000;748,5000;1232,9000;861,0000;909,8000;1024,7000;688,7000;940,4000;954,4000;559,7000;1141,5000;1284,5000;1279,6000;1039,9000;3303,3000;1038,1000;1001,8000;987,7000;823,4000;468,1000;2010,1000;1958,6000;100,0000;474,7000;1499,9000;1555,1000;1503,2000;847,8000;388,3000;1283,6000;1098,3000;539,8000;592,5000;838,6000;448,1000;896,7000;822,1000;630,8000;1945,2000;297,6000;972,1000;1979,0000;1075,4000;858,8000;1996,2000;1061,7000;1180,7000;3011,2000;540,4000;1114,6000;681,2000;413,6000;1482,0000;708,7000;82,2000;1209,1000;1604,2000;919,9000;661,4000;3201,2000;590,9000;1735,6000;1018,6000;1324,3000;391,9000;235,9000;1155,0000;909,6000;545,1000;971,0000;1270,1000;1476,6000;1011,5000;1250,0000;801,1000;2034,8000;449,5000;2144,8000;1223,3000;1169,6000;994,4000;4175,5000;894,7000;731,5000
32469,0000;253,0000;1975,5000;1957,5000;748,5000;1219,6000;861,0000;909,8000;1042,8000;683,4000;940,4000;954,4000;568,1000;1141,5000;1280,5000;1284,9000;1057,1000;3254,8000;1053,4000;986,2000;974,0000;817,9000;465,7000;2031,8000;1958,6000;100,0000;474,7000;1555,5000;1528,4000;1545,7000;847,8000;392,3000;1283,6000;1114,0000;530,6000;579,8000;850,5000;441,5000;891,8000;824,8000;630,8000;2005,0000;295,0000;972,1000;1970,4000;1052,4000;907,8000;1993,3000;1074,9000;1193,3000;2942,8000;540,4000;1108,8000;689,4000;414,8000;1487,3000;695,9000;82,4000;1198,9000;1612,4000;939,2000;684,3000;3201,2000;590,9000;1757,0000;1006,3000;1324,3000;396,7000;231,8000;1155,0000;924,4000;540,7000;1000,0000;1256,8000;1501,0000;992,1000;1250,0000;804,5000;2052,0000;459,0000;2159,0000;1229,7000;1154,4000;974,7000;4250,5000;882,9000;742,1000
32470,0000;253,0000;1975,5000;1957,5000;748,5000;1219,6000;861,0000;909,8000;1042,8000;683,4000;940,4000;954,4000;568,1000;1141,5000;1280,5000;1284,9000;1057,1000;3254,8000;1053,4000;986,2000;974,0000;817,9000;465,7000;2031,8000;1958,6000;100,0000;474,7000;1555,5000;1528,4000;1545,7000;847,8000;392,3000;1283,6000;1114,0000;530,6000;579,8000;850,5000;441,5000;891,8000;824,8000;630,8000;2005,0000;295,0000;972,1000;1970,4000;1052,4000;907,8000;1993,3000;1074,9000;1193,3000;2942,8000;540,4000;1108,8000;689,4000;414,8000;1487,3000;695,9000;82,4000;1198,9000;1612,4000;939,2000;684,3000;3201,2000;590,9000;1757,0000;1006,3000;1324,3000;396,7000;231,8000;1155,0000;924,4000;540,7000;1000,0000;1256,8000;1501,0000;992,1000;1250,0000;804,5000;2052,0000;459,0000;2159,0000;1229,7000;1154,4000;974,7000;4250,5000;882,9000;742,1000
32471,0000;250,6000;1949,6000;1935,4000;754,4000;1199,6000;861,0000;905,1000;1039,8000;683,4000;947,6000;962,1000;585,6000;1141,5000;1276,5000;1279,6000;1051,4000;3254,8000;1071,8000;976,8000;1001,3000;812,5000;465,7000;2026,4000;1944,1000;100,8000;469,5000;1559,2000;1510,7000;1517,3000;843,5000;396,3000;1278,3000;1098,3000;535,2000;583,0000;852,9000;438,1000;899,6000;813,8000;643,4000;1987,1000;296,3000;956,5000;1970,4000;1069,6000;898,0000;2060,2000;1068,3000;1188,3000;2805,8999;548,9000;1111,7000;689,4000;419,8000;1455,7000;695,9000;81,4000;1209,1000;1587,7000;932,8000;699,6000;3119,7000;594,0000;1738,3000;1008,4000;1299,4000;391,9000;233,6000;1158,0000;919,5000;536,2000;978,3000;1263,5000;1507,1000;980,0000;1250,0000;801,1000;2029,0000;443,8000;2116,3999;1229,7000;1159,1000;974,7000;4175,5000;888,8000;731,5000
32472,0000;259,7000;1904,1000;1924,4000;742,5000;1199,6000;869,2000;909,8000;1042,8000;688,7000;954,7000;1015,5000;592,7000;1150,3000;1272,5000;1258,5000;1091,6000;3363,8999;1087,1000;1001,8000;1014,9000;839,7000;468,1000;2004,7000;1968,2000;102,5000;469,5000;1540,6000;1510,7000;1503,2000;839,2000;404,8000;1313,0000;1102,2000;539,8000;594,9000;862,5000;438,1000;909,2000;802,7000;637,1000;2005,0000;295,0000;944,0000;1970,4000;1081,1000;898,0000;2222,8999;1048,5000;1200,8000;2846,8999;553,2000;1108,8000;681,2000;419,8000;1446,9000;702,3000;81,4000;1209,1000;1604,2000;942,4000;757,8000;3141,2000;590,9000;1735,6000;1018,6000;1307,7000;380,0000;247,9000;1148,9000;919,5000;536,2000;985,5000;1270,1000;1501,0000;963,1000;1266,5000;787,4000;1986,0000;447,6000;2088,0000;1223,3000;1175,5000;982,6000;4132,7002;900,6000;710,1000
32475,0000;278,4000;1858,6000;1902,2000;742,5000;1199,6000;861,0000;900,4000;1009,6000;688,7000;983,5000;985,0000;582,8000;1132,8000;1244,4000;1205,6000;1114,6000;3466,8999;1062,6000;1017,5000;1035,4000;850,6000;475,5000;2015,5000;1973,1000;103,3000;464,3000;1444,4000;1537,3000;1460,6000;817,9000;410,6000;1395,9000;1106,2000;548,9000;591,2000;868,5000;431,5000;913,1000;761,2000;649,7000;1921,2000;289,4000;909,6000;2056,1001;1081,1000;868,6000;2481,5000;1028,7000;1176,9000;2737,3999;544,6000;1062,1000;656,5000;406,1000;1368,0000;721,5000;84,9000;1168,4000;1563,1000;923,1000;733,8000;3223,1001;578,6000;1735,6000;1038,9000;1307,7000;380,0000;247,9000;1115,3000;901,7000;522,9000;985,5000;1236,7000;1476,6000;1038,1000;1266,5000;770,3000;1856,8000;441,9000;1974,3000;1197,7000;1175,5000;986,5000;4175,5000;900,6000;683,4000
32476,0000;283,2000;1884,6000;1913,3000;742,5000;1212,9000;861,0000;905,1000;1000,5000;694,0000;990,6000;992,6000;592,7000;1141,5000;1256,4000;1205,6000;1126,1000;3570,0000;1059,5000;1061,3000;1069,4000;877,9000;480,4000;2010,1000;1977,9000;111,7000;469,5000;1470,3000;1528,4000;1474,8000;826,5000;412,8000;1398,6000;1114,0000;560,4000;614,6000;858,9000;438,1000;965,3000;769,5000;681,3000;1909,3000;293,5000;937,7000;2116,1001;1132,9000;883,3000;2446,6001;1041,9000;1192,0000;2792,2000;561,8000;1065,0000;660,7000;401,0000;1415,4000;740,6000;88,8000;1168,4000;1596,0000;919,9000;757,8000;3392,7000;584,7000;1749,0000;1089,9000;1324,3000;391,9000;251,7000;1112,2000;908,6000;518,5000;1007,3000;1276,8000;1519,3000;1084,1000;1261,0000;777,1000;1908,5000;460,9000;2002,7000;1210,5000;1222,5000;994,4000;4282,6001;924,1000;688,7000
32477,0000;283,8000;1904,1000;1902,2000;754,4000;1206,3000;869,2000;909,8000;1012,6000;704,6000;997,8000;985,0000;588,4000;1159,1000;1284,5000;1258,5000;1131,8000;3576,0000;1068,7000;1064,4000;1055,8000;872,4000;485,3000;2031,8000;2026,1000;111,7000;466,9000;1481,4000;1537,3000;1531,5000;835,0000;412,0000;1377,2000;1125,8000;553,5000;601,2000;862,5000;448,1000;963,4000;780,5000;675,0000;1939,2000;295,0000;947,1000;2124,6001;1109,9000;883,3000;2440,8000;1035,3000;1203,4000;2833,3000;561,8000;1079,6000;664,8000;407,3000;1420,6000;740,6000;91,3000;1168,4000;1612,4000;948,8000;746,3000;3363,5000;584,7000;1839,8000;1089,9000;1324,3000;377,7000;249,0000;1127,5000;923,4000;527,4000;1000,0000;1283,5000;1537,6000;1069,5000;1261,0000;787,4000;1937,2000;468,5000;2002,7000;1229,7000;1187,3000;994,4000;4282,6001;906,4000;699,4000
32478,0000;283,8000;1865,1000;1913,3000;754,4000;1239,6000;885,8000;909,8000;1009,6000;704,6000;997,8000;969,7000;624,9000;1154,7000;1284,5000;1258,5000;1131,8000;3576,0000;1068,7000;1051,9000;1021,7000;850,6000;485,3000;2004,7000;2035,8000;110,8000;466,9000;1474,0000;1537,3000;1489,0000;826,5000;406,6000;1379,9000;1121,8000;553,5000;591,2000;867,3000;454,7000;957,6000;755,6000;668,7000;1915,3000;299,8000;928,3000;2124,6001;1086,9000;883,3000;2353,6001;1035,3000;1176,9000;2764,8000;553,2000;1082,5000;668,9000;416,1000;1422,4000;747,0000;89,8000;1183,7000;1596,0000;945,6000;735,7000;3392,7000;587,8000;1869,1000;1049,1000;1324,3000;380,0000;244,9000;1124,4000;924,4000;536,2000;985,5000;1290,2000;1519,3000;1064,7000;1261,0000;770,3000;1908,5000;464,7000;1960,1000;1236,2000;1174,4000;978,6000;4304,0000;906,4000;710,1000
32479,0000;280,8000;1852,1000;1935,4000;760,4000;1219,6000;869,2000;900,4000;1009,6000;694,0000;990,6000;985,0000;625,6000;1154,7000;1272,5000;1279,6000;1143,3000;3576,0000;1056,4000;1058,2000;1014,9000;845,2000;482,8000;2021,0000;2031,0000;102,5000;461,6000;1507,3000;1537,3000;1460,6000;826,5000;408,8000;1353,2000;1114,0000;551,2000;587,9000;869,7000;448,1000;967,3000;755,6000;668,7000;1921,2000;296,0000;919,0000;2116,1001;1115,6000;878,4000;2382,7000;1015,5000;1170,6000;2819,6001;553,2000;1079,6000;685,3000;419,8000;1464,5000;747,0000;90,0000;1183,7000;1604,2000;923,1000;736,7000;3392,7000;587,8000;1853,1000;1079,7000;1316,0000;387,2000;246,8000;1115,3000;924,4000;540,7000;985,5000;1337,0000;1494,9000;1081,6000;1266,5000;770,3000;1911,4000;472,3000;1974,3000;1236,2000;1166,1000;970,8000;4282,6001;882,9000;694,1000
32482,0000;281,4000;1839,1000;1946,5000;760,4000;1226,3000;861,0000;909,8000;1009,6000;688,7000;961,9000;1000,2000;624,2000;1150,3000;1264,5000;1258,5000;1137,6000;3515,3999;1053,4000;1033,1000;1021,7000;850,6000;470,6000;2026,4000;2026,1000;105,0000;456,4000;1581,4000;1528,4000;1517,3000;813,7000;411,1000;1331,8000;1102,2000;539,8000;591,2000;868,5000;441,5000;967,3000;761,2000;675,0000;1933,2000;296,3000;944,0000;2098,8999;1092,6000;883,3000;2408,8000;1035,3000;1176,9000;2942,8000;557,5000;1067,9000;701,7000;419,8000;1485,5000;734,2000;88,5000;1193,8000;1628,9000;919,9000;734,8000;3328,3999;590,9000;1834,4000;1079,7000;1307,7000;377,7000;244,5000;1109,2000;929,4000;540,7000;971,0000;1323,6000;1513,2000;1069,5000;1272,0000;766,8000;1965,9000;472,3000;1988,5000;1229,7000;1168,5000;966,8000;4282,6001;882,9000;694,1000
32483,0000;278,4000;1832,6000;1957,5000;760,4000;1219,6000;861,0000;909,8000;1003,5000;688,7000;969,1000;977,3000;645,3000;1150,3000;1268,5000;1242,6000;1131,8000;3515,3999;1059,5000;1033,1000;1021,7000;850,6000;473,0000;2026,4000;2045,4000;106,7000;459,0000;1592,5000;1510,7000;1545,7000;813,7000;412,8000;1331,8000;1121,8000;539,8000;591,2000;885,3000;441,5000;996,3000;763,9000;675,0000;1957,2000;301,0000;959,6000;2107,5000;1109,9000;868,6000;2496,0000;1028,7000;1174,4000;2956,3999;544,6000;1073,8000;689,4000;419,8000;1475,0000;740,6000;89,0000;1193,8000;1628,9000;932,8000;734,8000;3299,1001;587,8000;1834,4000;1059,3000;1307,7000;377,7000;249,0000;1118,3000;930,4000;549,5000;978,3000;1316,9000;1507,1000;1076,8000;1277,5000;770,3000;1954,4000;455,2000;1988,5000;1236,2000;1187,3000;970,8000;4282,6001;888,8000;699,4000
32484,0000;283,8000;1878,1000;1968,6000;760,4000;1232,9000;869,2000;914,5000;1024,7000;699,3000;997,8000;992,6000;662,8000;1150,3000;1284,5000;1279,6000;1154,8000;3485,1001;1071,8000;1061,3000;1049,0000;867,0000;477,9000;2102,5000;2069,5000;107,5000;474,7000;1551,8000;1546,2000;1517,3000;830,7000;410,6000;1382,6000;1157,1000;551,2000;597,9000;885,3000;448,1000;1006,0000;763,9000;643,4000;1963,1000;302,6000;947,1000;2141,8000;1161,6000;898,0000;2609,3000;1015,5000;1163,1000;3011,2000;540,4000;1085,4000;697,6000;417,3000;1438,2000;766,2000;89,5000;1209,1000;1727,6000;945,6000;739,6000;3363,5000;590,9000;1839,8000;1100,0000;1307,7000;389,5000;256,2000;1155,0000;926,4000;545,1000;992,8000;1323,6000;1562,0000;1132,5000;1294,0000;773,7000;1942,9000;472,3000;1960,1000;1236,2000;1175,5000;978,6000;4400,3999;900,6000;710,1000
32485,0000;292,3000;1884,6000;1946,5000;760,4000;1226,3000;869,2000;914,5000;1024,7000;694,0000;997,8000;992,6000;648,1000;1145,9000;1300,6000;1242,6000;1149,1000;3460,8999;1065,6000;1061,3000;1035,4000;867,0000;465,7000;2097,0000;2113,0000;108,3000;469,5000;1544,3000;1546,2000;1503,2000;847,8000;409,7000;1377,2000;1157,1000;548,9000;594,5000;876,9000;448,1000;1015,6000;744,6000;643,4000;1933,2000;306,1000;925,2000;2141,8000;1150,1000;883,3000;2658,7000;1008,9000;1154,3000;2983,8000;548,9000;1067,9000;681,2000;423,6000;1429,4000;747,0000;90,0000;1188,7000;1711,1000;942,4000;735,7000;3357,6001;587,8000;1847,8000;1089,9000;1307,7000;382,4000;255,0000;1133,6000;929,4000;554,0000;992,8000;1303,6000;1562,0000;1132,5000;1277,5000;763,4000;1914,2000;464,7000;1931,7000;1236,2000;1187,3000;966,8000;4346,7998;894,7000;694,1000
32486,0000;287,4000;1865,1000;1946,5000;772,3000;1232,9000;869,2000;905,1000;1018,6000;720,5000;990,6000;992,6000;648,8000;1154,7000;1280,5000;1232,1000;1131,8000;3424,5000;1062,6000;1058,2000;1028,5000;867,0000;468,1000;2129,6001;2103,3000;108,3000;474,7000;1577,7000;1546,2000;1531,5000;856,3000;408,4000;1371,9000;1149,3000;544,4000;601,2000;863,7000;448,1000;1015,6000;739,0000;649,7000;1921,2000;304,5000;925,2000;2158,8999;1155,9000;878,4000;2589,0000;1002,3000;1166,9000;3024,8999;544,6000;1065,0000;681,2000;426,1000;1429,4000;734,2000;88,2000;1168,4000;1785,2000;939,2000;726,1000;3316,7000;587,8000;1855,8000;1100,0000;1299,4000;384,8000;255,8000;1139,7000;932,3000;554,0000;985,5000;1316,9000;1604,7000;1132,5000;1272,0000;763,4000;1934,3000;464,7000;1917,5000;1242,6000;1175,5000;966,8000;4486,0000;894,7000;694,1000
32489,0000;287,4000;1878,1000;1924,4000;766,3000;1219,6000;885,8000;909,8000;1021,6000;720,5000;990,6000;985,0000;640,3000;1154,7000;1280,5000;1216,2000;1120,3000;3436,6001;1065,6000;1058,2000;1014,9000;850,6000;463,2000;2145,8999;2093,7000;107,5000;477,3000;1555,5000;1555,1000;1489,0000;852,0000;406,2000;1353,2000;1157,1000;539,8000;604,6000;874,5000;451,4000;1006,0000;733,5000;637,1000;1933,2000;300,7000;925,2000;2141,8000;1132,9000;863,7000;2687,8000;976,0000;1155,5000;3011,2000;536,1000;1062,1000;685,3000;418,6000;1406,6000;734,2000;87,5000;1163,3000;1776,9000;932,8000;719,4000;3287,3999;581,7000;1847,8000;1089,9000;1299,4000;382,4000;252,8000;1136,7000;944,2000;549,5000;1000,0000;1290,2000;1592,5000;1113,1000;1266,5000;760,0000;1920,0000;474,2000;1874,9000;1242,6000;1175,5000;970,8000;4486,0000;894,7000;683,4000
32490,0000;283,8000;1878,1000;1924,4000;766,3000;1219,6000;869,2000;900,4000;1015,6000;715,2000;969,1000;985,0000;641,7000;1141,5000;1280,5000;1221,5000;1131,8000;3412,3999;1062,6000;1055,0000;1035,4000;850,6000;463,2000;2145,8999;2093,7000;108,3000;477,3000;1529,5000;1537,3000;1517,3000;843,5000;402,1000;1350,5000;1168,9000;539,8000;594,5000;870,9000;444,8000;986,6000;733,5000;649,7000;1915,3000;299,5000;944,0000;2141,8000;1132,9000;858,8000;2833,1001;995,7000;1180,7000;3011,2000;527,5000;1053,3000;681,2000;419,8000;1424,1000;740,6000;88,5000;1153,2000;1752,3000;923,1000;748,2000;3293,3000;587,8000;1850,5000;1089,9000;1299,4000;382,4000;256,9000;1136,7000;941,2000;554,0000;1007,3000;1283,5000;1586,4000;1132,5000;1261,0000;753,2000;1905,6000;466,6000;1889,1000;1229,7000;1187,3000;978,6000;4453,8999;882,9000;678,1000
32491,0000;289,8000;1871,6000;1979,7000;760,4000;1219,6000;885,8000;900,4000;1015,6000;731,1000;1033,7000;1015,5000;643,1000;1163,5000;1280,5000;1221,5000;1154,8000;3636,6001;1062,6000;1073,8000;1055,8000;872,4000;480,4000;2145,8999;2093,7000;108,3000;466,9000;1511,0000;1546,2000;1489,0000;843,5000;410,6000;1382,6000;1180,7000;560,4000;604,6000;875,7000;444,8000;1025,3000;719,6000;643,4000;1933,2000;299,8000;925,2000;2184,6001;1167,4000;873,5000;2775,0000;995,7000;1168,1000;3038,6001;531,8000;1035,8000;685,3000;416,1000;1427,6000;772,6000;89,8000;1163,3000;1776,9000;916,7000;737,6000;3357,6001;587,8000;1850,5000;1151,0000;1357,4000;380,0000;266,3000;1136,7000;959,0000;549,5000;1021,8000;1283,5000;1598,6000;1180,9000;1261,0000;746,3000;1897,0000;472,3000;1860,7000;1249,0000;1210,8000;1014,0000;4518,1001;882,9000;688,7000
32492,0000;290,4000;1884,6000;1957,5000;772,3000;1219,6000;877,5000;914,5000;1009,6000;736,4000;1012,2000;1030,8000;638,2000;1150,3000;1256,4000;1232,1000;1137,6000;3697,2000;1056,4000;1051,9000;1035,4000;861,5000;482,8000;2124,2000;2103,3000;106,7000;479,9000;1492,5000;1581,7000;1489,0000;843,5000;410,6000;1379,9000;1176,8000;567,2000;597,9000;881,7000;438,1000;996,3000;719,6000;649,7000;1945,2000;299,8000;919,0000;2176,0000;1155,9000;883,3000;2716,8999;995,7000;1158,0000;3011,2000;527,5000;1065,0000;689,4000;414,8000;1425,9000;766,2000;92,0000;1178,6000;1842,8000;919,9000;732,9000;3351,8000;590,9000;1869,1000;1130,6000;1365,7000;387,2000;264,1000;1133,6000;951,1000;540,7000;1021,8000;1296,9000;1629,1000;1183,3000;1255,5000;753,2000;1868,3000;481,8000;1874,9000;1236,2000;1199,0000;1010,1000;4571,7002;882,9000;683,4000
32493,0000;295,9000;1910,6000;1946,5000;772,3000;1226,3000;877,5000;923,9000;997,5000;736,4000;1033,7000;1030,8000;627,7000;1159,1000;1256,4000;1216,2000;1149,1000;3782,1001;1053,4000;1064,4000;1042,2000;867,0000;495,1000;2091,6001;2117,8000;107,5000;474,7000;1459,2000;1635,1000;1418,1000;847,8000;403,0000;1390,6000;1176,8000;587,8000;594,5000;869,7000;431,5000;976,9000;705,8000;630,8000;1903,3000;299,8000;878,3000;2184,6001;1155,9000;858,8000;2658,7000;962,8000;1125,3000;2983,8000;523,2000;1047,5000;693,5000;419,8000;1399,6000;772,6000;92,0000;1168,4000;1859,2000;916,7000;734,8000;3363,5000;597,1000;1869,1000;1151,0000;1357,4000;384,8000;265,9000;1118,3000;939,3000;522,9000;1050,8000;1303,6000;1641,3000;1185,7000;1255,5000;739,5000;1825,3000;485,6000;1818,1000;1255,4000;1187,3000;1017,9000;4625,2002;882,9000;667,4000
32496,0000;301,9000;1923,6000;1946,5000;754,4000;1252,9000;869,2000;923,9000;985,4000;731,1000;1091,1000;1053,7000;624,2000;1145,9000;1248,4000;1195,0000;1172,1000;3812,3999;1053,4000;1158,3000;1069,4000;888,8000;524,5000;2113,3000;2113,0000;107,5000;474,7000;1466,6000;1608,4000;1394,0000;839,2000;400,3000;1404,0000;1176,8000;606,1000;594,5000;879,3000;428,2000;986,6000;705,8000;621,4000;1849,4000;296,6000;859,6000;2253,1001;1167,4000;848,9000;2734,3000;936,4000;1102,7000;2970,1001;536,1000;1032,9000;701,7000;414,8000;1392,6000;798,1000;96,1000;1168,4000;1851,0000;923,1000;743,4000;3334,2000;594,0000;1949,3000;1181,5000;1365,7000;387,2000;270,1000;1100,0000;944,2000;522,9000;1043,5000;1296,9000;1616,9000;1193,0000;1255,5000;725,8000;1785,1000;502,6000;1818,1000;1255,4000;1210,8000;1053,3000;4603,7998;882,9000;656,7000
32497,0000;298,3000;1930,1000;1957,5000;760,4000;1259,6000;869,2000;923,9000;991,4000;736,4000;1091,1000;1038,4000;599,7000;1154,7000;1244,4000;1200,3000;1160,6000;3794,2000;1059,5000;1148,9000;1069,4000;888,8000;517,1000;2124,2000;2108,1001;102,5000;472,1000;1488,8000;1581,7000;1418,1000;847,8000;400,8000;1409,3000;1168,9000;597,0000;594,5000;884,1000;428,2000;986,6000;705,8000;618,8000;1861,4000;294,4000;875,2000;2278,8000;1161,6000;853,9000;2696,5000;943,0000;1107,7000;2983,8000;531,8000;1038,8000;697,6000;413,6000;1385,5000;785,3000;96,6000;1168,4000;1875,7000;916,7000;752,0000;3305,0000;587,8000;1922,6000;1191,7000;1398,8000;380,0000;268,2000;1121,4000;947,2000;522,9000;1036,3000;1316,9000;1635,2000;1168,8000;1255,5000;729,2000;1808,0000;517,8000;1874,9000;1268,2000;1246,1000;1037,6000;4582,3999;871,1000;656,7000
32498,0000;295,9000;1884,6000;1946,5000;760,4000;1266,3000;869,2000;928,6000;982,3000;725,8000;1062,4000;1030,8000;618,6000;1150,3000;1248,4000;1200,3000;1166,3000;3757,8999;1056,4000;1127,0000;1049,0000;883,4000;509,8000;2156,8000;2108,1001;103,3000;474,7000;1544,3000;1581,7000;1432,3000;839,2000;406,2000;1393,3000;1168,9000;587,8000;591,2000;910,4000;428,2000;976,9000;719,6000;637,1000;1879,3000;296,6000;893,9000;2244,6001;1138,6000;834,2000;2650,0000;976,0000;1130,4000;3052,3000;523,2000;1044,6000;697,6000;414,8000;1394,3000;772,6000;94,1000;1178,6000;1892,1000;923,1000;745,3000;3334,2000;590,9000;1922,6000;1181,5000;1390,5000;382,4000;265,6000;1133,6000;940,2000;536,2000;1036,3000;1296,9000;1616,9000;1156,7000;1238,9000;749,7000;1851,1000;515,9000;1889,1000;1268,2000;1234,3000;1037,6000;4561,0000;871,1000;667,4000
32499,0000;286,8000;1904,1000;1935,4000;772,3000;1312,9000;877,5000;923,9000;988,4000;725,8000;1062,4000;1015,5000;620,0000;1141,5000;1276,5000;1210,9000;1172,1000;3709,3999;1065,6000;1152,1000;1035,4000;872,4000;509,8000;2222,0000;2127,3999;103,3000;482,5000;1570,3000;1572,9000;1418,1000;843,5000;403,9000;1390,6000;1192,4000;585,5000;591,2000;898,5000;431,5000;996,3000;722,4000;628,3000;1921,2000;296,6000;906,4000;2210,3000;1138,6000;834,2000;2670,3999;982,5000;1127,8000;3079,6001;527,5000;1050,4000;693,5000;418,6000;1403,1000;772,6000;92,6000;1209,1000;1867,4000;945,6000;740,5000;3299,1001;590,9000;1895,8000;1161,2000;1357,4000;384,8000;265,6000;1151,9000;939,3000;531,8000;1043,5000;1323,6000;1623,0000;1159,1000;1255,5000;753,2000;1908,5000;502,6000;1931,7000;1268,2000;1234,3000;1033,7000;4593,1001;882,9000;678,1000
32500,0000;286,8000;1897,6000;1924,4000;778,2000;1303,3000;894,1000;925,8000;1012,6000;729,0000;1066,9000;1030,8000;610,2000;1145,9000;1260,4000;1205,6000;1170,6000;3691,2000;1084,0000;1167,7000;1028,5000;861,5000;512,2000;2265,3999;2127,3999;105,8000;495,6000;1622,1000;1564,0000;1396,8000;838,2000;405,7000;1398,6000;1196,4000;590,1000;591,2000;896,1000;431,5000;986,6000;708,6000;624,5000;1963,1000;298,2000;900,2000;2201,7000;1132,9000;834,2000;2716,8999;989,1000;1105,2000;3079,6001;523,2000;1038,8000;685,3000;419,8000;1385,5000;766,2000;91,8000;1209,1000;1875,7000;955,3000;738,6000;3334,2000;590,9000;1895,8000;1171,3000;1365,7000;382,4000;268,6000;1167,2000;928,9000;531,8000;1029,0000;1330,3000;1610,8000;1163,9000;1238,9000;760,0000;1937,2000;506,4000;1874,9000;1255,4000;1210,8000;1033,3000;4587,7002;882,9000;683,4000
32503,0000;285,0000;1897,6000;1935,4000;778,2000;1289,9000;877,5000;935,2000;1054,9000;729,0000;1074,1000;1030,8000;613,7000;1163,5000;1352,8000;1274,4000;1164,8000;3636,6001;1120,8000;1142,7000;1042,2000;867,0000;504,9000;2357,8000;2108,1001;105,8000;490,3000;1659,2000;1572,9000;1385,5000;866,6000;401,7000;1377,2000;1192,4000;585,5000;591,2000;909,2000;448,1000;986,6000;714,1000;629,6000;2029,0000;309,9000;897,1000;2227,3999;1138,6000;863,7000;2687,8000;995,7000;1096,4000;3271,3000;518,9000;1082,5000;697,6000;429,9000;1378,5000;791,7000;91,8000;1249,7000;1859,2000;981,0000;732,9000;3392,7000;587,8000;1917,2000;1151,0000;1373,9000;382,4000;268,6000;1203,9000;937,8000;554,0000;1021,8000;1310,2000;1610,8000;1144,6000;1255,5000;777,1000;1937,2000;496,9000;1860,7000;1281,0000;1210,8000;1043,5000;4633,7998;894,7000;710,1000
32504,0000;278,4000;1910,6000;1957,5000;790,1000;1283,2000;885,8000;944,6000;1067,0000;729,0000;1066,9000;1023,1000;613,7000;1198,6000;1360,8000;1295,5000;1170,6000;3576,0000;1126,9000;1130,2000;1021,7000;856,1000;502,4000;2390,3999;2141,8999;105,8000;495,6000;1711,0000;1564,0000;1375,5000;862,1000;406,2000;1369,2000;1204,2000;581,0000;594,5000;904,4000;448,1000;967,3000;722,4000;623,3000;2035,0000;309,2000;890,8000;2201,7000;1127,1000;912,7000;2731,3999;995,7000;1095,1000;3257,6001;527,5000;1094,2000;746,8000;426,1000;1410,1000;778,9000;93,1000;1254,8000;1859,2000;974,6000;725,2000;3410,3000;587,8000;1922,6000;1161,2000;1365,7000;384,8000;266,7000;1173,3000;932,8000;554,0000;1029,0000;1310,2000;1610,8000;1139,7000;1294,0000;770,3000;1968,8000;496,9000;1860,7000;1313,0000;1187,3000;1051,8000;4704,6001;888,8000;694,1000
32505,0000;281,4000;1949,6000;2001,8000;778,2000;1296,6000;877,5000;958,7000;1060,9000;723,7000;1074,1000;1030,8000;613,7000;1189,8000;1356,8000;1290,2000;1182,1000;3606,3000;1129,9000;1117,6000;1028,5000;856,1000;497,5000;2363,2000;2161,2000;109,2000;492,9000;1777,7000;1564,0000;1362,8000;871,1000;412,4000;1377,2000;1196,4000;581,0000;594,5000;902,0000;441,5000;967,3000;733,5000;630,8000;2035,0000;308,9000;906,4000;2193,2000;1127,1000;917,7000;2713,8999;989,1000;1095,1000;3367,1001;514,6000;1088,4000;734,5000;428,6000;1417,1000;778,9000;93,8000;1249,7000;1859,2000;971,4000;719,4000;3480,5000;587,8000;1922,6000;1140,8000;1382,2000;389,5000;269,3000;1210,0000;937,8000;554,0000;1043,5000;1310,2000;1616,9000;1130,0000;1305,0000;773,7000;2023,3000;512,1000;1903,3000;1313,0000;1187,3000;1051,8000;4681,0000;877,0000;699,4000
32506,0000;281,4000;1949,6000;2001,8000;778,2000;1296,6000;877,5000;958,7000;1060,9000;723,7000;1074,1000;1030,8000;613,7000;1189,8000;1356,8000;1290,2000;1182,1000;3606,3000;1129,9000;1117,6000;1028,5000;856,1000;497,5000;2363,2000;2161,2000;109,2000;492,9000;1777,7000;1564,0000;1362,8000;871,1000;412,4000;1377,2000;1196,4000;581,0000;594,5000;902,0000;441,5000;967,3000;733,5000;630,8000;2035,0000;308,9000;906,4000;2193,2000;1127,1000;917,7000;2713,8999;989,1000;1095,1000;3367,1001;514,6000;1088,4000;734,5000;428,6000;1417,1000;778,9000;93,8000;1249,7000;1859,2000;971,4000;719,4000;3480,5000;587,8000;1922,6000;1140,8000;1382,2000;389,5000;269,3000;1210,0000;937,8000;554,0000;1043,5000;1310,2000;1616,9000;1130,0000;1305,0000;773,7000;2023,3000;512,1000;1903,3000;1313,0000;1187,3000;1051,8000;4681,0000;877,0000;699,4000
32507,0000;281,4000;1949,6000;2001,8000;778,2000;1296,6000;877,5000;958,7000;1060,9000;723,7000;1074,1000;1030,8000;613,7000;1189,8000;1356,8000;1290,2000;1182,1000;3606,3000;1129,9000;1117,6000;1028,5000;856,1000;497,5000;2363,2000;2161,2000;109,2000;492,9000;1777,7000;1564,0000;1362,8000;871,1000;412,4000;1377,2000;1196,4000;581,0000;594,5000;902,0000;441,5000;967,3000;733,5000;630,8000;2035,0000;308,9000;906,4000;2193,2000;1127,1000;917,7000;2713,8999;989,1000;1095,1000;3367,1001;514,6000;1088,4000;734,5000;428,6000;1417,1000;778,9000;93,8000;1249,7000;1859,2000;971,4000;719,4000;3480,5000;587,8000;1922,6000;1140,8000;1382,2000;389,5000;269,3000;1210,0000;937,8000;554,0000;1043,5000;1310,2000;1616,9000;1130,0000;1305,0000;773,7000;2023,3000;512,1000;1903,3000;1313,0000;1187,3000;1051,8000;4681,0000;877,0000;699,4000
32510,0000;281,4000;1949,6000;2001,8000;778,2000;1296,6000;877,5000;958,7000;1060,9000;723,7000;1074,1000;1030,8000;613,7000;1189,8000;1356,8000;1290,2000;1182,1000;3606,3000;1129,9000;1117,6000;1028,5000;856,1000;497,5000;2363,2000;2161,2000;109,2000;492,9000;1777,7000;1564,0000;1362,8000;871,1000;412,4000;1377,2000;1196,4000;581,0000;594,5000;902,0000;441,5000;967,3000;733,5000;630,8000;2035,0000;308,9000;906,4000;2193,2000;1127,1000;917,7000;2713,8999;989,1000;1095,1000;3367,1001;514,6000;1088,4000;734,5000;428,6000;1417,1000;778,9000;93,8000;1249,7000;1859,2000;971,4000;719,4000;3480,5000;587,8000;1922,6000;1140,8000;1382,2000;389,5000;269,3000;1210,0000;937,8000;554,0000;1043,5000;1310,2000;1616,9000;1130,0000;1305,0000;773,7000;2023,3000;512,1000;1903,3000;1313,0000;1187,3000;1051,8000;4681,0000;877,0000;699,4000
32511,0000;281,4000;1949,6000;2001,8000;778,2000;1296,6000;877,5000;958,7000;1060,9000;723,7000;1074,1000;1030,8000;613,7000;1189,8000;1356,8000;1290,2000;1182,1000;3606,3000;1129,9000;1117,6000;1028,5000;856,1000;497,5000;2363,2000;2161,2000;109,2000;492,9000;1777,7000;1564,0000;1362,8000;871,1000;412,4000;1377,2000;1196,4000;581,0000;594,5000;902,0000;441,5000;967,3000;733,5000;630,8000;2035,0000;308,9000;906,4000;2193,2000;1127,1000;917,7000;2713,8999;989,1000;1095,1000;3367,1001;514,6000;1088,4000;734,5000;428,6000;1417,1000;778,9000;93,8000;1249,7000;1859,2000;971,4000;719,4000;3480,5000;587,8000;1922,6000;1140,8000;1382,2000;389,5000;269,3000;1210,0000;937,8000;554,0000;1043,5000;1310,2000;1616,9000;1130,0000;1305,0000;773,7000;2023,3000;512,1000;1903,3000;1313,0000;1187,3000;1051,8000;4681,0000;877,0000;699,4000
32512,0000;284,4000;1923,6000;2068,1001;778,2000;1276,5000;877,5000;958,7000;1067,0000;734,3000;1052,5000;1038,4000;611,6000;1198,6000;1352,8000;1290,2000;1176,4000;3539,7000;1123,8000;1117,6000;1028,5000;856,1000;502,4000;2352,3999;2122,6001;109,2000;485,1000;1925,8000;1599,5000;1335,8000;857,6000;418,2000;1369,2000;1223,8000;581,0000;594,5000;902,0000;451,4000;976,9000;747,3000;630,8000;2040,9000;318,7000;919,0000;2210,3000;1138,6000;907,8000;2876,7000;995,7000;1082,5000;3421,8000;544,6000;1100,0000;738,6000;426,1000;1403,1000;753,4000;93,6000;1254,8000;1867,4000;964,9000;733,8000;3457,1001;587,8000;1946,6000;1151,0000;1357,4000;382,4000;266,7000;1219,2000;931,8000;571,7000;1036,3000;1330,3000;1623,0000;1105,8000;1310,5000;773,7000;2095,0000;498,8000;1931,7000;1319,4000;1222,5000;1064,2000;4692,7998;894,7000;699,4000
32513,0000;284,4000;1917,1000;2068,1001;796,0000;1283,2000;885,8000;949,3000;1057,9000;734,3000;1081,3000;1023,1000;620,7000;1207,4000;1352,8000;1295,5000;1164,8000;3557,8000;1117,7000;1136,4000;1028,5000;867,0000;504,9000;2325,2000;2117,8000;112,5000;485,1000;1918,4000;1564,0000;1304,6000;866,6000;423,6000;1371,9000;1212,1000;576,4000;594,5000;902,0000;454,7000;976,9000;733,5000;643,4000;2029,0000;314,6000;909,6000;2218,8999;1144,4000;902,9000;2905,7000;995,7000;1078,7000;3380,7000;536,1000;1105,9000;763,2000;423,6000;1450,4000;740,6000;91,3000;1244,6000;1875,7000;968,1000;722,3000;3562,3999;590,9000;1973,3000;1151,0000;1349,1000;387,2000;270,8000;1213,0000;921,9000;580,5000;1021,8000;1350,4000;1623,0000;1110,7000;1288,5000;766,8000;2063,5000;485,6000;1889,1000;1338,6000;1222,5000;1072,5000;4739,8999;882,9000;694,1000
32514,0000;280,8000;1891,1000;2068,1001;790,1000;1283,2000;885,8000;949,3000;1036,8000;734,3000;1088,5000;1023,1000;642,4000;1194,2000;1332,7000;1279,6000;1164,8000;3576,0000;1111,6000;1148,9000;1035,4000;861,5000;509,8000;2346,8999;2166,0000;116,7000;485,1000;1881,4000;1555,1000;1345,8000;857,6000;424,5000;1371,9000;1227,8000;578,7000;597,9000;880,5000;454,7000;986,6000;741,8000;675,0000;2005,0000;318,7000;909,6000;2150,3000;1138,6000;907,8000;2905,7000;995,7000;1096,4000;3326,0000;540,4000;1105,9000;750,9000;413,6000;1499,5000;759,8000;91,3000;1229,4000;1875,7000;961,7000;720,4000;3656,0000;584,7000;1962,6000;1151,0000;1349,1000;389,5000;276,5000;1188,6000;920,9000;576,1000;1036,3000;1423,9000;1629,1000;1127,6000;1277,5000;760,0000;2040,5000;489,3000;1931,7000;1338,6000;1210,8000;1064,2000;4716,3999;888,8000;694,1000
32517,0000;280,8000;1936,6000;2090,2000;790,1000;1276,5000;910,6000;954,0000;1039,8000;744,9000;1081,3000;1030,8000;653,7000;1181,0000;1356,8000;1311,4000;1182,1000;3545,7000;1123,8000;1164,6000;1042,2000;888,8000;517,1000;2325,2000;2156,3999;118,3000;490,3000;1992,5000;1572,9000;1418,1000;875,5000;431,1000;1371,9000;1227,8000;583,2000;597,9000;887,7000;471,3000;1044,7000;744,6000;706,5000;2005,0000;328,2000;934,6000;2133,2000;1150,1000;952,0000;3109,1001;1015,5000;1148,0000;3257,6001;548,9000;1123,4000;738,6000;421,1000;1522,3000;759,8000;90,0000;1239,5000;1916,8000;974,6000;732,9000;3831,3999;584,7000;1959,9000;1161,2000;1365,7000;399,0000;275,7000;1203,9000;930,9000;598,3000;1072,5000;1477,4000;1653,5000;1130,0000;1272,0000;766,8000;2095,0000;496,9000;1960,1000;1306,6000;1246,1000;1068,4000;4775,2998;906,4000;704,8000
32518,0000;282,6000;1923,6000;2112,3999;778,2000;1283,2000;910,6000;958,7000;1064,0000;755,6000;1110,2000;1038,4000;645,3000;1167,9000;1364,8000;1374,8000;1193,7000;3739,7000;1145,3000;1189,6000;1076,2000;916,1000;541,6000;2374,1001;2151,6001;116,7000;490,3000;1996,2000;1581,7000;1432,3000;875,5000;432,9000;1412,0000;1235,6000;597,0000;604,6000;904,4000;491,2000;1064,0000;744,6000;700,2000;2046,9000;334,5000;931,5000;2218,8999;1167,4000;1006,0000;3138,2000;1015,5000;1142,9000;3216,5000;557,5000;1164,2000;726,3000;421,1000;1555,7000;785,3000;90,0000;1244,6000;1941,5000;990,7000;748,2000;3825,6001;581,7000;1949,3000;1181,5000;1373,9000;406,2000;281,0000;1234,4000;950,7000;616,0000;1087,0000;1470,7000;1684,0000;1149,4000;1283,0000;784,0000;2106,5000;506,4000;1974,3000;1274,6000;1269,6000;1084,9000;4834,2998;900,6000;710,1000
32519,0000;291,1000;1923,6000;2101,3000;778,2000;1296,6000;902,4000;954,0000;1085,1000;755,6000;1103,0000;1030,8000;646,0000;1172,3000;1405,0000;1406,5000;1187,9000;3673,0000;1163,6000;1189,6000;1076,2000;916,1000;534,3000;2428,3999;2185,3000;113,3000;490,3000;1962,8000;1581,7000;1432,3000;889,0000;435,2000;1404,0000;1239,5000;597,0000;597,9000;951,2000;491,2000;1044,7000;744,6000;700,2000;2070,8999;334,5000;922,1000;2210,3000;1167,4000;1045,2000;2992,8999;1015,5000;1149,2000;3216,5000;548,9000;1190,5000;734,5000;419,8000;1557,4000;766,2000;90,0000;1249,7000;2032,0000;1019,6000;772,2000;3749,6001;578,6000;1935,9000;1191,7000;1382,2000;422,8000;281,7000;1249,7000;961,6000;611,6000;1087,0000;1510,8000;1720,6000;1161,5000;1299,5000;787,4000;2089,3000;504,5000;1931,7000;1313,0000;1246,1000;1089,1000;4916,7998;900,6000;715,4000
32520,0000;292,9000;1923,6000;2101,3000;802,0000;1296,6000;910,6000;949,3000;1085,1000;755,6000;1088,5000;1038,4000;663,5000;1176,7000;1405,0000;1406,5000;1182,1000;3618,3999;1154,4000;1170,9000;1062,6000;899,7000;529,4000;2444,7000;2219,1001;117,5000;495,6000;1936,9000;1572,9000;1474,8000;889,0000;435,2000;1377,2000;1239,5000;592,4000;601,2000;991,9000;497,9000;1054,3000;741,8000;719,1000;2052,8999;340,8000;915,8000;2176,0000;1144,4000;1045,2000;2963,8000;1008,9000;1178,2000;3271,3000;544,6000;1187,6000;726,3000;416,1000;1564,4000;766,2000;89,3000;1254,8000;2032,0000;1019,6000;762,6000;3819,7000;578,6000;1938,6000;1191,7000;1373,9000;422,8000;279,5000;1252,8000;990,3000;624,9000;1072,5000;1524,2000;1690,1000;1144,6000;1316,0000;784,0000;2080,7000;498,8000;1945,9000;1293,8000;1246,1000;1084,9000;4975,7998;900,6000;704,8000
32521,0000;288,6000;1910,6000;2079,2000;807,9000;1303,3000;902,4000;958,7000;1079,1000;755,6000;1117,4000;1038,4000;658,6000;1176,7000;1405,0000;1427,7000;1182,1000;3636,6001;1163,6000;1164,6000;1062,6000;916,1000;531,8000;2466,5000;2219,1001;118,3000;500,8000;2029,5000;1581,7000;1446,4000;889,0000;445,4000;1366,5000;1235,6000;597,0000;594,5000;981,1000;497,9000;1083,3000;741,8000;744,4000;2046,9000;340,8000;922,1000;2184,6001;1144,4000;1069,8000;3022,0000;1002,3000;1176,9000;3216,5000;548,9000;1190,5000;730,4000;414,8000;1560,9000;772,6000;89,3000;1254,8000;2007,3000;1022,8000;764,5000;3790,5000;581,7000;1943,9000;1191,7000;1390,5000;420,4000;278,7000;1249,7000;989,3000;611,6000;1079,7000;1504,1000;1677,9000;1137,3000;1316,0000;787,4000;2129,5000;493,1000;1931,7000;1287,4000;1281,3000;1089,1000;4916,7998;900,6000;710,1000
32524,0000;288,6000;1910,6000;2079,2000;807,9000;1303,3000;902,4000;958,7000;1079,1000;755,6000;1117,4000;1038,4000;658,6000;1176,7000;1405,0000;1427,7000;1182,1000;3636,6001;1163,6000;1164,6000;1062,6000;916,1000;531,8000;2466,5000;2219,1001;118,3000;500,8000;2029,5000;1581,7000;1446,4000;889,0000;445,4000;1366,5000;1235,6000;597,0000;594,5000;981,1000;497,9000;1083,3000;741,8000;744,4000;2046,9000;340,8000;922,1000;2184,6001;1144,4000;1069,8000;3022,0000;1002,3000;1176,9000;3216,5000;548,9000;1190,5000;730,4000;414,8000;1560,9000;772,6000;89,3000;1254,8000;2007,3000;1022,8000;764,5000;3790,5000;581,7000;1943,9000;1191,7000;1390,5000;420,4000;278,7000;1249,7000;989,3000;611,6000;1079,7000;1504,1000;1677,9000;1137,3000;1316,0000;787,4000;2129,5000;493,1000;1931,7000;1287,4000;1281,3000;1089,1000;4916,7998;900,6000;710,1000
32525,0000;292,9000;1923,6000;2068,1001;807,9000;1316,6000;910,6000;939,9000;1070,0000;744,9000;1103,0000;1053,7000;656,5000;1163,5000;1413,0000;1427,7000;1199,4000;3624,5000;1163,6000;1158,3000;1062,6000;921,5000;529,4000;2450,2000;2195,0000;116,7000;498,2000;1977,7000;1581,7000;1411,0000;893,5000;438,3000;1379,9000;1235,6000;594,7000;597,9000;1007,5000;491,2000;1073,7000;739,0000;731,8000;2052,8999;340,8000;919,0000;2218,8999;1150,1000;1069,8000;2934,8000;969,4000;1159,3000;3161,8000;548,9000;1196,3000;718,1000;414,8000;1522,3000;778,9000;90,3000;1239,5000;1982,6000;1016,4000;748,2000;3732,0000;587,8000;1922,6000;1201,9000;1398,8000;432,3000;277,6000;1252,8000;971,5000;624,9000;1072,5000;1504,1000;1659,6000;1137,3000;1316,0000;780,5000;2083,6001;489,3000;1903,3000;1274,6000;1281,3000;1089,1000;4905,0000;906,4000;710,1000
32526,0000;288,0000;1943,1000;2057,1001;802,0000;1350,0000;902,4000;949,3000;1091,2000;750,3000;1110,2000;1053,7000;653,7000;1176,7000;1425,0000;1417,1000;1199,4000;3636,6001;1169,7000;1152,1000;1055,8000;916,1000;524,5000;2450,2000;2223,8999;115,8000;495,6000;1936,9000;1572,9000;1411,0000;911,5000;436,9000;1369,2000;1239,5000;587,8000;594,5000;1013,5000;494,6000;1083,3000;750,1000;744,4000;2035,0000;334,5000;931,5000;2150,3000;1132,9000;1060,0000;2963,8000;1015,5000;1149,2000;3161,8000;544,6000;1193,4000;730,4000;414,8000;1525,8000;766,2000;88,8000;1264,9000;1982,6000;1006,7000;761,6000;3597,5000;587,8000;1906,5000;1191,7000;1398,8000;429,9000;276,8000;1255,8000;971,5000;620,4000;1072,5000;1484,1000;1604,7000;1134,9000;1299,5000;790,8000;2057,7000;493,1000;1917,5000;1293,8000;1257,8000;1076,6000;4893,2002;912,3000;726,1000
32527,0000;286,8000;1962,5000;2068,1001;796,0000;1363,4000;902,4000;944,6000;1097,2000;744,9000;1095,7000;1061,3000;658,6000;1163,5000;1445,1000;1401,3000;1199,4000;3582,1001;1163,6000;1139,6000;1055,8000;888,8000;514,7000;2428,3999;2204,6001;112,5000;487,7000;1885,1000;1590,6000;1354,3000;916,0000;432,9000;1355,8000;1227,8000;576,4000;594,5000;1009,9000;491,2000;1054,3000;747,3000;725,4000;2035,0000;334,5000;919,0000;2116,1001;1121,4000;1040,3000;2905,7000;1035,3000;1102,7000;3148,1001;536,1000;1178,8000;722,2000;417,3000;1531,1000;766,2000;89,0000;1259,9000;1941,5000;1006,7000;743,4000;3626,7000;575,5000;1869,1000;1191,7000;1398,8000;425,2000;271,2000;1252,8000;952,7000;611,6000;1058,0000;1470,7000;1623,0000;1125,2000;1299,5000;777,1000;2014,7000;483,7000;1860,7000;1293,8000;1234,3000;1060,1000;4857,8999;935,9000;715,4000
32528,0000;283,2000;1949,6000;2046,0000;790,1000;1376,8000;894,1000;939,9000;1079,1000;744,9000;1081,3000;1046,0000;659,3000;1154,7000;1433,1000;1364,2000;1182,1000;3588,1001;1160,6000;1123,9000;1035,4000;883,4000;509,8000;2417,6001;2161,2000;109,2000;487,7000;1899,9000;1581,7000;1354,3000;907,0000;434,7000;1350,5000;1219,9000;571,8000;594,5000;997,9000;491,2000;1044,7000;744,6000;738,1000;1981,1000;334,5000;909,6000;2090,3999;1098,4000;1030,5000;2894,1001;1022,1000;1105,2000;3134,3999;536,1000;1149,6000;705,8000;414,8000;1522,3000;753,4000;88,5000;1254,8000;1949,7000;1000,3000;738,6000;3626,7000;578,6000;1922,6000;1191,7000;1390,5000;415,7000;270,4000;1231,4000;944,7000;602,7000;1050,8000;1457,3000;1610,8000;1115,5000;1299,5000;770,3000;2037,6000;476,1000;1889,1000;1274,6000;1234,3000;1047,7000;4810,7002;924,1000;699,4000
32531,0000;283,2000;1982,0000;2068,1001;790,1000;1416,9000;902,4000;944,6000;1094,2000;750,3000;1081,3000;1076,6000;673,3000;1154,7000;1445,1000;1374,8000;1182,1000;3563,8999;1154,4000;1108,3000;1035,4000;883,4000;509,8000;2406,7000;2151,6001;108,3000;487,7000;1959,1000;1581,7000;1379,8000;916,0000;442,8000;1329,1000;1216,0000;569,5000;597,9000;994,3000;491,2000;1064,0000;750,1000;757,0000;2005,0000;337,6000;906,4000;2098,8999;1098,4000;1025,6000;2850,5000;1028,7000;1115,3000;3120,7000;544,6000;1149,6000;689,4000;414,8000;1531,1000;766,2000;87,2000;1244,6000;1957,9000;997,1000;757,8000;3615,0000;572,4000;1970,6000;1171,3000;1382,2000;413,3000;269,3000;1246,7000;937,8000;616,0000;1043,5000;1443,9000;1623,0000;1113,1000;1316,0000;777,1000;2060,6001;483,7000;1931,7000;1274,6000;1234,3000;1055,9000;4822,5000;941,8000;704,8000
32532,0000;274,7000;1975,5000;2079,2000;784,1000;1416,9000;910,6000;939,9000;1091,2000;750,3000;1074,1000;1061,3000;688,0000;1141,5000;1477,2000;1390,7000;1176,4000;3527,5000;1163,6000;1089,5000;1028,5000;883,4000;512,2000;2444,7000;2132,3000;110,8000;487,7000;2036,9000;1555,1000;1403,9000;916,0000;464,2000;1313,0000;1204,2000;569,5000;601,2000;991,9000;494,6000;1054,3000;775,0000;750,7000;2029,0000;350,3000;944,0000;2064,7000;1092,6000;1030,5000;2783,7000;1028,7000;1117,8000;3148,1001;544,6000;1155,5000;697,6000;414,8000;1552,2000;759,8000;88,0000;1249,7000;1949,7000;1000,3000;753,0000;3568,2000;587,8000;2000,0000;1171,3000;1365,7000;418,0000;267,4000;1265,0000;956,6000;624,9000;1072,5000;1450,6000;1598,6000;1088,9000;1294,0000;787,4000;2132,3000;479,9000;2002,7000;1268,2000;1257,8000;1064,2000;4822,5000;941,8000;715,4000
32533,0000;272,9000;1962,5000;2068,1001;790,1000;1416,9000;902,4000;939,9000;1094,2000;744,9000;1066,9000;1061,3000;685,9000;1141,5000;1485,2000;1374,8000;1153,3000;3533,6001;1166,7000;1086,3000;1028,5000;872,4000;512,2000;2444,7000;2137,1001;109,2000;495,6000;2073,8999;1546,2000;1395,4000;893,5000;473,1000;1313,0000;1208,1000;564,9000;591,2000;996,7000;497,9000;1054,3000;766,7000;744,4000;2040,9000;350,3000;928,3000;2081,8000;1086,9000;1030,5000;2789,5000;1028,7000;1124,1000;3107,0000;553,2000;1155,5000;705,8000;414,8000;1578,5000;766,2000;86,0000;1239,5000;1925,0000;1003,5000;753,0000;3579,8999;587,8000;2016,0000;1161,2000;1340,8000;415,7000;269,7000;1246,7000;955,6000;638,2000;1087,0000;1470,7000;1574,2000;1079,2000;1316,0000;787,4000;2138,1001;485,6000;2016,9000;1255,4000;1234,3000;1047,7000;4822,5000;965,3000;720,8000
32534,0000;269,9000;1943,1000;2057,1001;790,1000;1410,2000;894,1000;944,6000;1079,1000;744,9000;1074,1000;1053,7000;690,8000;1128,4000;1469,2000;1385,4000;1147,5000;3563,8999;1157,5000;1086,3000;1035,4000;872,4000;514,7000;2444,7000;2127,3999;112,5000;503,4000;2018,4000;1555,1000;1375,5000;893,5000;473,1000;1310,4000;1204,2000;560,4000;594,5000;994,3000;491,2000;1064,0000;758,4000;744,4000;2017,0000;340,8000;928,3000;2056,1001;1081,1000;991,3000;2818,6001;1022,1000;1121,5000;3079,6001;583,2000;1152,5000;701,7000;416,1000;1587,2000;759,8000;86,0000;1219,2000;1908,6000;997,1000;748,2000;3626,7000;584,7000;2056,1001;1171,3000;1340,8000;403,8000;268,2000;1243,6000;961,6000;629,3000;1072,5000;1464,0000;1574,2000;1064,7000;1321,5000;790,8000;2097,8999;474,2000;1960,1000;1249,0000;1246,1000;1047,7000;4834,2998;959,4000;715,4000
32535,0000;273,5000;1949,6000;2156,6001;784,1000;1396,8000;902,4000;935,2000;1076,0000;771,6000;1081,3000;1076,6000;715,4000;1141,5000;1477,2000;1385,4000;1159,1000;3618,3999;1160,6000;1117,6000;1042,2000;883,4000;526,9000;2471,8999;2151,6001;116,7000;513,8000;2036,9000;1537,3000;1357,1000;880,0000;486,5000;1337,1000;1256,2000;567,2000;597,9000;1006,3000;491,2000;1064,0000;752,9000;744,4000;2005,0000;337,6000;925,2000;2081,8000;1109,9000;1010,9000;2992,8999;1002,3000;1122,8000;3120,7000;579,0000;1149,6000;697,6000;414,8000;1608,3000;766,2000;86,5000;1249,7000;1925,0000;990,7000;763,5000;3802,2000;606,7000;2069,3999;1201,9000;1340,8000;408,5000;271,9000;1237,5000;960,6000;624,9000;1072,5000;1457,3000;1592,5000;1079,2000;1321,5000;787,4000;2103,6001;483,7000;1960,1000;1268,2000;1269,6000;1076,6000;4869,6001;965,3000;726,1000
32538,0000;280,8000;1969,0000;2134,5000;778,2000;1403,5000;894,1000;939,9000;1076,0000;760,9000;1081,3000;1122,4000;700,7000;1132,8000;1473,2000;1380,1000;1170,6000;3600,3000;1145,3000;1117,6000;1062,6000;894,3000;524,5000;2406,7000;2170,8999;113,3000;508,6000;2011,0000;1537,3000;1347,2000;875,5000;486,5000;1377,2000;1256,2000;583,2000;611,2000;1005,1000;484,6000;1064,0000;739,0000;731,8000;2011,0000;343,9000;903,3000;2150,3000;1132,9000;991,3000;2905,7000;1008,9000;1107,7000;3284,8999;579,0000;1138,0000;701,7000;419,8000;1641,6000;785,3000;89,5000;1219,2000;1933,3000;977,8000;784,7000;3802,2000;606,7000;2082,8000;1212,1000;1349,1000;401,4000;273,8000;1228,3000;966,5000;616,0000;1072,5000;1457,3000;1586,4000;1103,4000;1338,1000;773,7000;2080,7000;491,2000;1917,5000;1261,8000;1293,1000;1076,6000;4869,6001;959,4000;715,4000
32539,0000;283,8000;1975,5000;2145,5000;778,2000;1403,5000;885,8000;930,5000;1045,8000;760,9000;1095,7000;1099,5000;715,4000;1124,0000;1457,1000;1359,0000;1170,6000;3612,3999;1133,0000;1102,0000;1049,0000;888,8000;522,0000;2390,3999;2170,8999;115,0000;503,4000;2033,2000;1537,3000;1344,3000;880,0000;477,6000;1371,9000;1260,3000;578,7000;621,3000;1012,3000;491,2000;1044,7000;733,5000;731,8000;1981,1000;340,8000;906,4000;2167,5000;1121,4000;976,5000;2905,7000;995,7000;1120,3000;3284,8999;579,0000;1132,1000;705,8000;417,3000;1631,1000;772,6000;88,8000;1229,4000;1908,6000;971,4000;778,9000;3767,1001;606,7000;2080,1001;1201,9000;1340,8000;396,7000;272,7000;1210,0000;965,6000;607,1000;1065,2000;1457,3000;1580,3000;1101,0000;1349,1000;773,7000;2126,6001;478,0000;1945,9000;1242,6000;1269,6000;1093,2000;4893,2002;965,3000;710,1000
32540,0000;282,6000;1943,1000;2090,2000;796,0000;1396,8000;885,8000;921,1000;1021,6000;750,3000;1088,5000;1061,3000;701,4000;1119,6000;1421,0000;1353,7000;1147,5000;3570,0000;1105,4000;1086,3000;1042,2000;894,3000;517,1000;2374,1001;2146,7000;115,0000;492,9000;2029,5000;1546,2000;1333,0000;875,5000;482,0000;1363,9000;1252,2000;581,0000;621,3000;1066,2000;491,2000;1025,3000;736,3000;719,1000;1939,2000;334,5000;906,4000;2124,6001;1098,4000;952,0000;2905,7000;989,1000;1131,6000;3271,3000;574,7000;1114,6000;697,6000;417,3000;1613,5000;772,6000;89,5000;1219,2000;1892,1000;942,4000;771,2000;3708,6001;603,6000;2077,3999;1212,1000;1340,8000;396,7000;270,1000;1188,6000;949,7000;602,7000;1058,0000;1484,1000;1580,3000;1101,0000;1338,1000;756,6000;2109,3999;476,1000;1931,7000;1249,0000;1281,3000;1072,5000;4775,2998;959,4000;688,7000
32541,0000;278,4000;1956,0000;2123,3999;802,0000;1410,2000;894,1000;935,2000;1018,6000;755,6000;1066,9000;1076,6000;689,4000;1093,2000;1429,0000;1321,9000;1136,0000;3533,6001;1102,4000;1083,2000;1042,2000;877,9000;512,2000;2357,8000;2166,0000;115,0000;490,3000;2096,2000;1528,4000;1375,5000;875,5000;495,4000;1358,5000;1235,9000;569,5000;641,3000;1031,4000;481,3000;1035,0000;741,8000;731,8000;1903,3000;340,8000;915,8000;2116,1001;1092,6000;947,1000;2847,6001;989,1000;1144,2000;3271,3000;579,0000;1129,2000;689,4000;421,1000;1622,3000;766,2000;89,5000;1229,4000;1941,5000;939,2000;769,3000;3650,1001;616,0000;2016,0000;1201,9000;1398,8000;401,4000;268,6000;1179,4000;977,4000;607,1000;1050,8000;1484,1000;1562,0000;1101,0000;1354,6000;760,0000;2181,1001;498,8000;1945,9000;1236,2000;1257,8000;1076,6000;4645,6001;947,7000;699,4000
32542,0000;280,8000;1923,6000;2123,3999;802,0000;1410,2000;918,9000;935,2000;1012,6000;766,2000;1088,5000;1107,1000;676,8000;1102,0000;1429,0000;1343,1000;1101,4000;3533,6001;1099,3000;1095,7000;1028,5000;877,9000;514,7000;2330,6001;2141,8999;122,5000;487,7000;2066,5000;1555,1000;1389,7000;871,1000;522,2000;1353,2000;1244,0000;567,2000;654,7000;1018,2000;494,6000;1054,3000;744,6000;738,1000;1909,3000;366,0000;925,2000;2098,8999;1098,4000;981,4000;2789,5000;1035,3000;1150,5000;3243,8999;574,7000;1132,1000;689,4000;418,6000;1606,5000;766,2000;89,8000;1244,6000;1933,3000;926,3000;771,2000;3650,1001;616,0000;2042,7000;1212,1000;1390,5000;403,8000;265,2000;1179,4000;980,4000;642,6000;1043,5000;1470,7000;1555,9000;1088,9000;1354,6000;763,4000;2195,5000;506,4000;1960,1000;1236,2000;1281,3000;1064,2000;4563,1001;965,3000;710,1000
32545,0000;282,0000;1930,1000;2101,3000;790,1000;1403,5000;968,6000;925,8000;1024,7000;755,6000;1088,5000;1099,5000;696,5000;1102,0000;1445,1000;1337,8000;1112,9000;3527,5000;1096,3000;1089,5000;1035,4000;877,9000;514,7000;2390,3999;2141,8999;123,3000;490,3000;2051,7000;1546,2000;1362,8000;871,1000;531,1000;1345,1000;1252,2000;569,5000;654,7000;1018,2000;497,9000;1054,3000;758,4000;738,1000;1903,3000;362,9000;922,1000;2090,3999;1104,1000;996,2000;2789,5000;1022,1000;1146,7000;3243,8999;574,7000;1135,0000;701,7000;426,1000;1613,5000;772,6000;88,8000;1234,5000;1916,8000;926,3000;772,2000;3702,8000;625,4000;2048,1001;1191,7000;1398,8000;399,0000;270,8000;1182,5000;978,4000;624,9000;1065,2000;1457,3000;1555,9000;1079,2000;1360,1000;763,4000;2224,2000;485,6000;1960,1000;1236,2000;1281,3000;1055,9000;4598,3999;988,9000;699,4000
32546,0000;272,9000;1917,1000;2090,2000;784,1000;1410,2000;1010,0000;949,3000;1024,7000;755,6000;1095,7000;1084,2000;690,8000;1102,0000;1441,1000;1353,7000;1084,1000;3491,2000;1105,4000;1089,5000;1021,7000;872,4000;507,3000;2368,7000;2122,6001;122,5000;490,3000;2044,3000;1528,4000;1351,4000;866,6000;535,6000;1334,4000;1244,0000;564,9000;651,3000;1019,4000;501,2000;1035,0000;769,5000;725,4000;1909,3000;366,0000;931,5000;2081,8000;1086,9000;996,2000;2772,1001;1022,1000;1140,4000;3148,1001;574,7000;1155,5000;693,5000;427,4000;1599,5000;759,8000;86,2000;1229,4000;1925,0000;923,1000;762,6000;3685,2000;625,4000;2042,7000;1212,1000;1365,7000;396,7000;267,8000;1194,7000;964,6000;629,3000;1058,0000;1464,0000;1543,7000;1059,9000;1349,1000;787,4000;2201,2000;508,3000;1945,9000;1223,3000;1269,6000;1068,4000;4574,8999;1000,6000;742,1000
32547,0000;274,7000;1897,6000;2079,2000;802,0000;1410,2000;1076,2000;954,0000;1033,7000;750,3000;1081,3000;1091,9000;676,1000;1088,8000;1457,1000;1385,4000;1095,6000;3485,1001;1133,0000;1070,7000;1014,9000;883,4000;500,0000;2352,3999;2103,3000;117,5000;485,1000;2044,3000;1546,2000;1411,0000;866,6000;513,3000;1331,8000;1223,7000;560,4000;648,0000;1017,0000;511,2000;1054,3000;775,0000;744,4000;1957,2000;375,5000;937,7000;2047,5000;1086,9000;1030,5000;2740,1001;1048,5000;1183,2000;3175,3999;579,0000;1161,3000;726,3000;427,4000;1631,1000;753,4000;87,5000;1224,3000;1949,7000;961,7000;771,2000;3679,3999;628,5000;2056,1001;1191,7000;1373,9000;396,7000;268,2000;1206,9000;979,4000;642,6000;1065,2000;1437,3000;1543,7000;1062,3000;1327,0000;790,8000;2224,2000;502,6000;1945,9000;1229,7000;1304,8000;1064,2000;4539,5000;1053,6000;779,5000
32548,0000;272,3000;1897,6000;2068,1001;802,0000;1416,9000;1067,9000;939,9000;1033,7000;755,6000;1095,7000;1091,9000;683,1000;1093,2000;1457,1000;1406,5000;1101,4000;3515,3999;1120,8000;1080,1000;1035,4000;899,7000;514,7000;2330,6001;2093,7000;116,7000;485,1000;2022,1000;1528,4000;1391,1000;875,5000;522,2000;1345,1000;1211,5000;564,9000;634,6000;1018,2000;511,2000;1064,0000;766,7000;738,1000;1957,2000;369,2000;931,5000;2039,0000;1098,4000;1050,1000;2708,1001;1041,9000;1173,2000;3161,8000;600,4000;1178,8000;709,9000;423,6000;1608,3000;766,2000;86,5000;1229,4000;1933,3000;971,4000;784,7000;3632,6001;619,2000;2074,8000;1222,3000;1382,2000;396,7000;270,1000;1206,9000;979,4000;624,9000;1065,2000;1443,9000;1549,8000;1079,2000;1327,0000;777,1000;2227,1001;512,1000;1931,7000;1236,2000;1340,1000;1080,8000;4563,1001;1047,7000;784,8000
32549,0000;273,5000;1943,1000;2079,2000;802,0000;1457,0000;1059,6000;935,2000;1033,7000;750,3000;1095,7000;1091,9000;673,3000;1084,5000;1445,1000;1385,4000;1118,7000;3503,3000;1126,9000;1070,7000;1021,7000;888,8000;507,3000;2308,8999;2103,3000;119,2000;482,5000;2018,4000;1528,4000;1369,9000;871,1000;517,7000;1326,4000;1199,3000;560,4000;634,6000;1000,3000;517,8000;1064,0000;763,9000;738,1000;1963,1000;375,5000;928,3000;2056,1001;1092,6000;1025,6000;2644,2000;1028,7000;1161,8000;3107,0000;583,2000;1167,1000;726,3000;418,6000;1629,3000;747,0000;88,8000;1234,5000;1933,3000;955,3000;778,9000;3609,2000;616,0000;2042,7000;1201,9000;1357,4000;394,3000;267,8000;1197,8000;976,5000;624,9000;1065,2000;1430,6000;1543,7000;1064,7000;1332,5000;784,0000;2209,8000;512,1000;1960,1000;1229,7000;1328,3000;1084,9000;4551,2998;1047,7000;800,9000
32552,0000;271,7000;1917,1000;2068,1001;796,0000;1470,3000;1076,2000;935,2000;1012,6000;750,3000;1095,7000;1091,9000;657,2000;1075,7000;1441,1000;1374,8000;1118,7000;3466,8999;1123,8000;1055,0000;1014,9000;872,4000;497,5000;2281,7000;2074,3999;114,2000;490,3000;2011,0000;1492,9000;1348,6000;866,6000;499,9000;1313,0000;1191,2000;560,4000;617,9000;971,5000;507,8000;1044,7000;794,4000;725,4000;1915,3000;366,0000;953,3000;2021,8000;1092,6000;1030,5000;2635,5000;1074,9000;1142,9000;3107,0000;574,7000;1158,4000;718,1000;417,3000;1596,0000;753,4000;86,2000;1234,5000;1908,6000;952,1000;772,2000;3568,2000;606,7000;2042,7000;1191,7000;1340,8000;401,4000;266,7000;1200,8000;965,6000;633,7000;1094,2000;1437,3000;1513,2000;1047,8000;1415,1000;801,1000;2152,3999;504,5000;1931,7000;1223,3000;1316,6000;1072,5000;4480,5000;1041,8000;816,9000
32553,0000;267,5000;1904,1000;2090,2000;802,0000;1497,1000;1092,8000;930,5000;1012,6000;755,6000;1095,7000;1084,2000;669,1000;1058,1000;1433,1000;1364,2000;1136,0000;3442,7000;1123,8000;1042,5000;1014,9000;872,4000;492,6000;2270,8999;2031,0000;115,8000;495,6000;1992,5000;1492,9000;1389,7000;875,5000;513,3000;1310,4000;1166,8000;560,4000;611,2000;976,3000;507,8000;1044,7000;775,0000;738,1000;1927,2000;362,9000;944,0000;2047,5000;1081,1000;1025,6000;2594,8000;1101,2000;1163,1000;3093,3000;591,8000;1152,5000;738,6000;414,8000;1596,0000;753,4000;85,7000;1234,5000;1892,1000;936,0000;769,3000;3480,5000;597,4000;2029,4000;1181,5000;1332,5000;394,3000;265,9000;1191,7000;957,6000;624,9000;1094,2000;1417,2000;1488,8000;1040,5000;1354,6000;787,4000;2132,3000;500,7000;1960,1000;1236,2000;1363,6000;1064,2000;4421,6001;1035,9000;806,2000
32554,0000;265,7000;1878,1000;2057,1001;802,0000;1537,2000;1076,2000;916,4000;1021,6000;750,3000;1088,5000;1069,0000;665,6000;1058,1000;1425,0000;1348,4000;1101,4000;3369,8999;1123,8000;1039,4000;1008,1000;872,4000;487,7000;2254,6001;2016,5000;116,7000;495,3000;1981,4000;1492,9000;1375,5000;889,0000;526,7000;1305,0000;1142,4000;551,2000;607,9000;988,3000;524,4000;1025,3000;780,5000;731,8000;1945,2000;372,3000;934,6000;2039,0000;1081,1000;1020,7000;2600,6001;1140,8000;1176,9000;3148,1001;583,2000;1132,1000;730,4000;407,3000;1596,0000;747,0000;85,5000;1229,4000;1867,4000;929,5000;768,3000;3392,7000;609,8000;2032,0000;1181,5000;1332,5000;408,5000;261,1000;1182,5000;991,3000;624,9000;1123,2000;1417,2000;1476,6000;1040,5000;1349,1000;794,2000;2118,0000;498,8000;1917,5000;1223,3000;1340,1000;1055,9000;4398,0000;1047,7000;806,2000
32555,0000;257,2000;1858,6000;2057,1001;796,0000;1523,8000;1101,0000;907,0000;1018,6000;739,6000;1045,3000;1046,0000;656,5000;1040,6000;1441,1000;1348,4000;1124,5000;3357,8000;1114,6000;1026,9000;980,9000;845,2000;482,8000;2249,1001;1963,4000;116,7000;495,3000;1933,2000;1475,1000;1368,4000;866,6000;522,2000;1259,6000;1126,1000;542,1000;611,2000;991,9000;564,3000;1035,0000;783,3000;731,8000;1921,2000;397,6000;944,0000;1970,4000;1052,4000;1035,4000;2530,8999;1127,6000;1183,2000;3134,3999;579,0000;1143,8000;759,1000;412,3000;1569,7000;747,0000;82,9000;1219,2000;1793,4000;923,1000;759,7000;3369,3000;606,7000;2016,0000;1161,2000;1307,7000;406,2000;257,3000;1188,6000;989,3000;664,7000;1116,0000;1417,2000;1440,0000;1011,5000;1332,5000;801,1000;2083,6001;493,1000;1903,3000;1229,7000;1351,9000;1051,8000;4362,6001;1035,9000;822,2000
32556,0000;255,4000;1832,6000;2057,1001;796,0000;1517,1000;1084,5000;911,7000;1042,8000;734,3000;1023,7000;1053,7000;648,8000;1075,7000;1445,1000;1353,7000;1118,7000;3363,8999;1126,9000;1017,5000;980,9000;839,7000;482,8000;2232,8000;1973,1000;112,5000;487,4000;1955,4000;1457,3000;1446,4000;866,6000;535,6000;1267,6000;1126,1000;530,6000;601,2000;982,3000;560,9000;1044,7000;791,6000;757,0000;1969,1000;391,3000;931,5000;1936,2000;1040,9000;1055,1000;2498,8999;1114,4000;1221,0000;3011,2000;596,1000;1146,7000;759,1000;412,3000;1560,9000;727,9000;83,7000;1219,2000;1760,5000;926,3000;757,8000;3334,2000;606,7000;2008,0000;1161,2000;1299,4000;406,2000;257,3000;1182,5000;1001,2000;664,7000;1116,0000;1457,3000;1458,3000;1004,2000;1316,0000;804,5000;2103,6001;493,1000;1846,5000;1236,2000;1387,1000;1039,4000;4327,2998;1035,9000;800,9000
32559,0000;253,6000;1806,6000;2046,0000;796,0000;1517,1000;1043,1000;916,4000;1054,9000;723,7000;1009,2000;1053,7000;642,4000;1071,3000;1465,2000;1359,0000;1124,5000;3363,8999;1126,9000;1001,8000;980,9000;839,7000;473,0000;2211,1001;1963,4000;114,2000;482,1000;1944,3000;1421,8000;1418,1000;857,6000;540,0000;1243,5000;1114,0000;535,2000;601,2000;970,3000;564,3000;1064,0000;808,2000;750,7000;1945,2000;391,3000;944,0000;1936,2000;1040,9000;1069,8000;2498,8999;1094,6000;1221,0000;3024,8999;600,4000;1161,3000;759,1000;419,8000;1578,5000;721,5000;84,9000;1224,3000;1760,5000;913,5000;748,2000;3299,1001;603,6000;2000,0000;1161,2000;1299,4000;403,8000;256,9000;1173,3000;1021,1000;660,3000;1087,0000;1464,0000;1446,1000;972,8000;1321,5000;797,7000;2095,0000;481,8000;1846,5000;1255,4000;1363,6000;1031,1000;4256,5000;1030,1000;790,2000
32560,0000;253,6000;1780,6000;2023,9000;790,1000;1517,1000;1034,8000;916,4000;1042,8000;723,7000;980,4000;1061,3000;661,4000;1075,7000;1465,2000;1332,5000;1124,5000;3369,8999;1114,6000;1008,1000;980,9000;850,6000;477,9000;2211,1001;1929,6000;112,5000;474,2000;1929,5000;1421,8000;1402,5000;853,1000;566,8000;1248,9000;1122,1000;535,2000;601,2000;964,3000;551,0000;1064,0000;788,8000;731,8000;1885,3000;378,7000;925,2000;1953,3000;1035,1000;1040,3000;2583,2000;1074,9000;1208,4000;2888,0000;591,8000;1138,0000;750,9000;416,1000;1543,4000;715,1000;84,2000;1219,2000;1735,8000;900,6000;753,0000;3275,7000;603,6000;2002,7000;1171,3000;1316,0000;399,0000;256,9000;1161,1000;1031,0000;647,0000;1079,7000;1484,1000;1433,9000;980,0000;1343,6000;787,4000;2063,5000;485,6000;1818,1000;1255,4000;1375,4000;1022,8000;4244,7002;1024,2000;790,2000
32561,0000;253,6000;1754,6000;2068,1001;772,3000;1490,4000;1026,5000;911,7000;1042,8000;723,7000;1023,7000;1053,7000;662,8000;1075,7000;1497,3000;1321,9000;1130,2000;3424,5000;1126,9000;1020,6000;1001,3000;888,8000;487,7000;2254,6001;1936,9000;112,5000;474,2000;1911,0000;1404,0000;1413,8000;830,6000;562,4000;1246,2000;1114,0000;537,5000;601,2000;972,7000;554,3000;1102,7000;794,4000;738,1000;1909,3000;388,1000;922,1000;1987,6000;1052,4000;1074,7000;2616,6001;1074,9000;1213,4000;2942,8000;621,8000;1138,0000;750,9000;418,6000;1534,6000;721,5000;83,7000;1224,3000;1735,8000;926,3000;810,5000;3328,3999;603,6000;2105,3999;1171,3000;1307,7000;401,4000;260,3000;1158,0000;1031,0000;655,9000;1123,2000;1443,9000;1415,6000;987,3000;1321,5000;821,6000;2020,4000;479,9000;1818,1000;1255,4000;1445,9000;1039,4000;4185,7998;1018,3000;800,9000
32562,0000;254,2000;1754,6000;2057,1001;796,0000;1497,1000;1043,1000;902,3000;1012,6000;734,3000;1052,5000;1061,3000;669,8000;1115,2000;1489,2000;1369,5000;1124,5000;3430,6001;1117,7000;1039,4000;1014,9000;894,3000;487,7000;2281,7000;1990,1000;112,5000;474,2000;1944,3000;1412,9000;1396,8000;848,6000;593,6000;1254,2000;1109,9000;539,8000;617,9000;976,3000;567,6000;1131,7000;783,3000;763,3000;1933,2000;407,1000;915,8000;1970,4000;1063,9000;1060,0000;2564,2000;1074,9000;1227,3000;2997,5000;643,3000;1161,3000;779,6000;421,1000;1546,9000;727,9000;82,9000;1209,1000;1776,9000;964,9000;820,1000;3322,5000;591,2000;2070,1001;1201,9000;1324,3000;403,8000;260,7000;1164,2000;1031,0000;647,0000;1123,2000;1450,6000;1415,6000;1001,8000;1321,5000;821,6000;2089,3000;491,2000;1789,7000;1287,4000;1481,2000;1060,1000;4126,7998;1012,4000;800,9000
32563,0000;254,2000;1754,6000;2057,1001;796,0000;1497,1000;1043,1000;902,3000;1012,6000;734,3000;1052,5000;1061,3000;669,8000;1115,2000;1489,2000;1369,5000;1124,5000;3430,6001;1117,7000;1039,4000;1014,9000;894,3000;487,7000;2281,7000;1990,1000;112,5000;474,2000;1944,3000;1412,9000;1396,8000;848,6000;593,6000;1254,2000;1109,9000;539,8000;617,9000;976,3000;567,6000;1131,7000;783,3000;763,3000;1933,2000;407,1000;915,8000;1970,4000;1063,9000;1060,0000;2564,2000;1074,9000;1227,3000;2997,5000;643,3000;1161,3000;779,6000;421,1000;1546,9000;727,9000;82,9000;1209,1000;1776,9000;964,9000;820,1000;3322,5000;591,2000;2070,1001;1201,9000;1324,3000;403,8000;260,7000;1164,2000;1031,0000;647,0000;1123,2000;1450,6000;1415,6000;1001,8000;1321,5000;821,6000;2089,3000;491,2000;1789,7000;1287,4000;1481,2000;1060,1000;4126,7998;1012,4000;800,9000
32566,0000;250,6000;1754,6000;2035,0000;796,0000;1497,1000;1043,1000;916,4000;1027,7000;734,3000;1081,3000;1099,5000;682,4000;1097,6000;1445,1000;1332,5000;1130,2000;3376,0000;1041,1000;1014,3000;1008,1000;894,3000;485,3000;2276,3000;1920,9000;116,7000;468,9000;1870,3000;1412,9000;1382,6000;835,1000;575,8000;1259,6000;1097,7000;539,8000;601,2000;994,3000;557,6000;1122,0000;769,5000;750,7000;1873,4000;400,7000;903,3000;1953,3000;1069,6000;1035,4000;2479,7000;1041,9000;1219,7000;3011,2000;643,3000;1149,6000;779,6000;417,3000;1560,9000;721,5000;82,4000;1204,0000;1785,2000;955,3000;832,6000;3305,0000;569,4000;2022,0000;1191,7000;1307,7000;399,0000;262,6000;1109,2000;1011,2000;638,2000;1123,2000;1417,2000;1415,6000;999,4000;1316,0000;821,6000;2037,6000;479,9000;1747,1000;1268,2000;1492,9000;1051,8000;4138,6001;1000,6000;800,9000
32567,0000;244,6000;1741,6000;2057,1001;796,0000;1510,4000;1010,0000;911,7000;1012,6000;729,0000;1074,1000;1107,1000;695,0000;1084,5000;1453,1000;1337,8000;1124,5000;3363,8999;1108,5000;1014,3000;1008,1000;899,7000;487,7000;2254,6001;1931,5000;119,2000;461,0000;1862,8000;1412,9000;1371,3000;835,1000;571,3000;1254,2000;1073,3000;542,1000;601,2000;1012,3000;557,6000;1102,7000;744,6000;738,1000;1855,4000;388,1000;887,7000;1970,4000;1069,6000;996,2000;2453,3999;1002,3000;1183,2000;2956,3999;656,2000;1123,4000;746,8000;413,6000;1525,8000;727,9000;82,4000;1204,0000;1801,6000;936,0000;839,3000;3264,0000;560,0000;2047,7000;1201,9000;1291,2000;399,0000;258,4000;1133,6000;991,3000;633,7000;1101,5000;1417,2000;1403,4000;982,4000;1321,5000;794,2000;2000,3000;491,2000;1676,1000;1249,0000;1457,7000;1055,9000;4162,2002;994,7000;779,5000
32568,0000;247,6000;1741,6000;2057,1001;796,0000;1503,8000;1010,0000;935,2000;997,5000;734,3000;1110,2000;1069,0000;694,3000;1080,1000;1445,1000;1337,8000;1124,5000;3333,6001;1114,6000;1017,5000;1014,9000;910,6000;492,6000;2254,6001;1958,2000;116,7000;468,9000;1825,8000;1421,8000;1354,3000;839,6000;540,0000;1251,5000;1065,2000;553,5000;601,2000;1044,6000;547,7000;1083,3000;739,0000;731,8000;1879,3000;385,0000;875,2000;1996,1000;1075,4000;1001,1000;2421,3999;989,1000;1174,4000;2970,1001;660,4000;1132,1000;750,9000;413,6000;1504,8000;747,0000;82,7000;1204,0000;1818,1000;948,8000;839,3000;3328,3999;572,5000;2083,0000;1212,1000;1291,2000;403,8000;262,2000;1142,8000;972,5000;624,9000;1087,0000;1457,3000;1446,1000;999,4000;1305,0000;777,1000;1974,5000;508,3000;1690,3000;1249,0000;1445,9000;1060,1000;4386,2002;971,2000;768,8000
32569,0000;258,4000;1754,6000;2035,0000;796,0000;1497,1000;1001,7000;968,1000;982,3000;734,3000;1146,2000;1091,9000;687,3000;1071,3000;1441,1000;1337,8000;1124,5000;3363,8999;1099,3000;1026,9000;1021,7000;910,6000;490,2000;2254,6001;1968,8000;133,3000;466,3000;1788,8000;1412,9000;1342,9000;844,1000;540,0000;1291,6000;1097,7000;553,5000;604,6000;1030,2000;534,4000;1073,7000;741,8000;731,8000;1873,4000;372,3000;875,2000;2056,1001;1063,9000;986,4000;2438,8999;989,1000;1169,4000;3011,2000;643,3000;1111,7000;750,9000;413,6000;1504,8000;753,4000;82,4000;1204,0000;1892,1000;932,8000;836,4000;3310,8000;569,4000;2076,6001;1212,1000;1291,2000;403,8000;264,1000;1133,6000;974,5000;602,7000;1101,5000;1437,3000;1446,1000;1013,9000;1305,0000;777,1000;1951,5000;517,8000;1690,3000;1236,2000;1445,9000;1055,9000;4409,7998;988,9000;747,5000
32570,0000;260,9000;1754,6000;2046,0000;790,1000;1497,1000;1001,7000;1001,0000;991,4000;739,6000;1139,0000;1084,2000;687,3000;1049,3000;1445,1000;1300,8000;1136,0000;3436,6001;1111,6000;1020,6000;994,5000;899,7000;497,5000;2183,8999;1958,2000;125,8000;466,3000;1799,9000;1430,7000;1325,9000;839,6000;544,5000;1267,6000;1105,8000;551,2000;604,6000;1045,8000;531,1000;1064,0000;739,0000;731,8000;1879,3000;362,9000;850,2000;2039,0000;1046,6000;981,4000;2450,5000;982,5000;1168,1000;3011,2000;630,4000;1085,4000;750,9000;419,8000;1508,3000;740,6000;82,2000;1204,0000;1851,0000;948,8000;826,9000;3305,0000;566,3000;2070,1001;1201,9000;1282,9000;403,8000;261,1000;1133,6000;976,5000;624,9000;1072,5000;1437,3000;1446,1000;992,1000;1305,0000;773,7000;1963,0000;517,8000;1676,1000;1242,6000;1398,9000;1055,9000;4421,6001;977,1000;758,2000
32573,0000;261,5000;1767,6000;1990,7000;790,1000;1463,7000;985,1000;1019,8000;973,3000;739,6000;1110,2000;1061,3000;669,1000;1053,7000;1441,1000;1300,8000;1130,2000;3424,5000;1087,1000;1026,9000;987,7000;877,9000;490,2000;2222,0000;1952,8000;130,0000;463,7000;1777,7000;1457,3000;1328,7000;844,1000;544,5000;1264,9000;1105,8000;548,9000;604,6000;1048,2000;521,1000;1044,7000;730,7000;725,4000;1837,4000;359,7000;859,6000;1996,1000;1040,9000;991,3000;2465,1001;995,7000;1155,5000;3011,2000;617,6000;1076,7000;742,7000;417,3000;1490,8000;740,6000;81,1000;1204,0000;1834,5000;939,2000;820,1000;3275,7000;572,5000;2028,4000;1201,9000;1291,2000;403,8000;261,1000;1124,4000;986,4000;598,3000;1072,5000;1430,6000;1427,8000;982,4000;1299,5000;773,7000;1963,0000;506,4000;1633,4000;1236,2000;1410,6000;1035,2000;4409,7998;965,3000;752,8000
32574,0000;259,7000;1741,6000;1968,6000;778,2000;1463,7000;976,9000;996,3000;970,3000;729,0000;1117,4000;1053,7000;684,5000;1062,5000;1429,0000;1269,1000;1112,9000;3394,2000;1093,2000;1004,9000;987,7000;877,9000;482,8000;2243,7000;1963,5000;125,0000;461,0000;1770,3000;1430,7000;1347,2000;839,6000;549,0000;1251,5000;1093,6000;544,4000;594,5000;1036,2000;524,4000;1044,7000;739,0000;725,4000;1801,5000;359,7000;881,4000;1996,1000;1040,9000;976,5000;2465,1001;995,7000;1175,7000;2997,5000;630,4000;1050,4000;746,8000;419,8000;1476,7000;727,9000;80,1000;1193,8000;1826,3000;939,2000;829,7000;3269,8999;560,0000;2099,0000;1191,7000;1274,6000;399,0000;264,8000;1121,4000;972,5000;593,8000;1065,2000;1390,5000;1433,9000;980,0000;1294,0000;804,5000;2006,1000;495,0000;1619,2000;1223,3000;1434,1000;1018,7000;4362,6001;965,3000;758,2000
32575,0000;254,8000;1715,6000;1968,6000;778,2000;1457,0000;1001,7000;996,3000;970,3000;729,0000;1131,8000;1038,4000;676,8000;1049,3000;1429,0000;1269,1000;1089,9000;3363,8999;1096,3000;1004,9000;987,7000;867,0000;470,6000;2222,0000;1974,1000;125,0000;450,5000;1774,0000;1412,9000;1345,8000;835,1000;553,4000;1240,8000;1089,6000;539,8000;594,5000;1036,2000;521,1000;1054,3000;741,8000;719,1000;1795,6000;366,0000;872,1000;1944,7000;1035,1000;966,7000;2447,6001;995,7000;1158,0000;2997,5000;626,1000;1053,3000;746,8000;419,8000;1464,5000;734,2000;80,4000;1198,9000;1809,9000;932,8000;834,5000;3217,2000;569,4000;2108,6001;1191,7000;1241,5000;399,0000;262,2000;1124,4000;967,5000;602,7000;1050,8000;1403,8000;1427,8000;967,9000;1283,0000;784,0000;1960,2000;487,5000;1633,4000;1216,9000;1398,9000;1014,5000;4244,7002;965,3000;768,8000
32576,0000;252,4000;1696,1000;1935,4000;778,2000;1443,6000;976,9000;968,1000;976,3000;713,0000;1110,2000;1030,8000;680,3000;1044,9000;1425,0000;1242,6000;1089,9000;3333,6001;1087,1000;992,4000;980,9000;850,6000;470,6000;2211,1001;1968,8000;120,8000;442,6000;1736,9000;1404,0000;1318,8000;826,2000;544,5000;1216,8000;1069,2000;537,5000;591,2000;1033,8000;511,2000;1025,3000;725,2000;693,9000;1783,6000;366,0000;850,2000;1944,7000;1023,6000;947,1000;2427,2000;1008,9000;1141,7000;2997,5000;617,6000;1038,8000;738,6000;417,3000;1446,9000;727,9000;80,4000;1198,9000;1818,1000;923,1000;823,0000;3217,2000;566,3000;2115,1001;1191,7000;1224,9000;396,7000;258,8000;1121,4000;962,6000;598,3000;1029,0000;1390,5000;1409,5000;965,5000;1288,5000;760,0000;1922,8000;489,3000;1605,0000;1210,5000;1375,4000;1010,4000;4244,7002;971,2000;747,5000
32577,0000;253,6000;1689,6000;1979,7000;778,2000;1430,2000;1001,7000;982,2000;961,2000;713,0000;1110,2000;1023,1000;673,3000;1036,2000;1425,0000;1237,3000;1095,6000;3333,6001;1090,1000;973,6000;987,7000;856,1000;473,0000;2232,8000;1915,6000;126,7000;440,0000;1718,4000;1412,9000;1311,7000;821,7000;531,1000;1219,4000;1065,2000;539,8000;591,2000;1036,2000;507,8000;1015,6000;725,2000;693,9000;1795,6000;362,9000;862,7000;1953,3000;1006,4000;922,6000;2409,7000;1015,5000;1161,8000;3107,0000;621,8000;1035,8000;738,6000;417,3000;1446,9000;740,6000;80,9000;1209,1000;1768,7000;923,1000;848,0000;3164,6001;556,9000;2115,1001;1201,9000;1224,9000;394,3000;258,4000;1118,3000;946,7000;598,3000;1021,8000;1343,7000;1409,5000;992,1000;1288,5000;760,0000;1905,6000;493,1000;1633,4000;1210,5000;1363,6000;1027,0000;4221,1001;977,1000;742,1000
32580,0000;246,4000;1683,1000;1946,5000;772,3000;1430,2000;976,9000;996,3000;970,3000;718,3000;1066,9000;1007,9000;672,6000;1009,8000;1417,0000;1237,3000;1101,4000;3345,7000;1087,1000;973,6000;974,0000;850,6000;477,9000;2243,7000;1910,3000;124,2000;437,3000;1699,9000;1412,9000;1324,5000;817,2000;517,7000;1222,1000;1069,2000;535,2000;587,9000;1037,4000;501,2000;1015,6000;719,6000;687,6000;1747,7000;362,9000;853,3000;1970,4000;1017,9000;937,3000;2331,1001;1002,3000;1145,5000;3052,3000;609,0000;1015,4000;726,3000;409,8000;1499,5000;727,9000;79,6000;1204,0000;1752,3000;919,9000;844,1000;3129,5000;560,0000;2086,2000;1181,5000;1208,4000;394,3000;256,5000;1121,4000;943,7000;602,7000;1007,3000;1350,4000;1403,4000;1001,8000;1277,5000;732,6000;1865,4000;481,8000;1605,0000;1223,3000;1351,9000;1027,0000;4126,7998;971,2000;710,1000
32581,0000;250,6000;1676,6000;1990,7000;772,3000;1430,2000;985,1000;982,2000;955,1000;718,3000;1074,1000;1023,1000;680,3000;1018,6000;1413,0000;1237,3000;1089,9000;3412,3999;1090,1000;1001,8000;980,9000;856,1000;480,4000;2243,7000;1910,3000;127,5000;429,4000;1781,4000;1404,0000;1324,5000;817,2000;535,6000;1224,8000;1069,2000;548,9000;594,5000;1025,4000;501,2000;1025,3000;714,1000;687,6000;1735,7000;366,0000;843,9000;1944,7000;1023,6000;942,2000;2345,6001;1022,1000;1150,5000;3011,2000;617,6000;1009,6000;734,5000;412,3000;1494,3000;734,2000;79,9000;1214,1000;1776,9000;923,1000;863,3000;3117,8000;541,4000;2079,8000;1232,5000;1233,2000;394,3000;256,9000;1127,5000;942,8000;593,8000;1000,0000;1350,4000;1421,7000;989,7000;1288,5000;701,8000;1868,3000;487,5000;1647,6000;1216,9000;1387,1000;1047,7000;4209,3999;977,1000;736,8000
32582,0000;253,6000;1683,1000;1968,6000;772,3000;1436,9000;985,1000;991,6000;967,2000;744,9000;1139,0000;1046,0000;683,8000;1027,4000;1413,0000;1263,8000;1153,3000;3388,1001;1111,6000;1014,3000;994,5000;872,4000;480,4000;2265,3999;1915,6000;125,8000;434,7000;1766,6000;1404,0000;1324,5000;812,7000;549,0000;1230,1000;1061,1000;562,7000;584,5000;1056,6000;507,8000;1054,3000;719,6000;700,2000;1777,6000;369,2000;840,8000;1936,2000;1035,1000;956,9000;2331,1001;1022,1000;1170,6000;3011,2000;639,0000;1050,4000;759,1000;417,3000;1492,5000;759,8000;82,4000;1219,2000;1834,5000;926,3000;854,7000;3100,3000;566,3000;2047,7000;1283,4000;1224,9000;394,3000;259,5000;1158,0000;946,7000;620,4000;1036,3000;1430,6000;1403,4000;1004,2000;1321,5000;701,8000;1891,3000;483,7000;1661,8000;1223,3000;1434,1000;1060,1000;4174,0000;988,9000;736,8000
32583,0000;252,4000;1683,1000;2001,8000;772,3000;1463,7000;976,9000;986,9000;952,1000;734,3000;1124,6000;1061,3000;667,0000;1031,8000;1405,0000;1263,8000;1130,2000;3351,8000;1105,4000;1048,8000;994,5000;872,4000;480,4000;2276,3000;1910,3000;128,3000;437,3000;1674,0000;1395,1000;1368,4000;812,7000;580,2000;1256,9000;1077,4000;567,2000;584,5000;1043,4000;511,2000;1073,7000;714,1000;700,2000;1759,6000;369,2000;837,7000;1970,4000;1035,1000;971,6000;2301,8999;1022,1000;1188,3000;2997,5000;634,7000;1053,3000;767,3000;424,8000;1483,8000;747,0000;83,7000;1209,1000;1842,8000;923,1000;854,7000;3106,1001;572,5000;2022,0000;1283,4000;1249,8000;391,9000;259,5000;1155,0000;951,7000;616,0000;1036,3000;1397,2000;1415,6000;989,7000;1305,0000;742,9000;1813,8000;491,2000;1633,4000;1223,3000;1410,6000;1068,4000;4126,7998;1000,6000;747,5000
32584,0000;248,8000;1696,1000;1979,7000;760,4000;1457,0000;976,9000;977,5000;964,2000;734,3000;1095,7000;1053,7000;670,5000;1014,2000;1405,0000;1226,8000;1136,0000;3327,5000;1102,4000;1080,1000;994,5000;872,4000;470,6000;2276,3000;1904,9000;118,3000;434,7000;1633,2000;1386,3000;1359,9000;812,7000;598,1000;1259,6000;1077,4000;564,9000;581,2000;1053,0000;514,5000;1073,7000;705,8000;700,2000;1765,6000;366,0000;831,4000;1987,6000;1017,9000;932,4000;2316,5000;1008,9000;1180,7000;2970,1001;643,3000;1018,3000;759,1000;424,8000;1446,9000;740,6000;82,4000;1214,1000;1801,6000;916,7000;871,9000;3123,7000;563,2000;2022,0000;1273,2000;1249,8000;391,9000;255,4000;1145,8000;960,6000;611,6000;1007,3000;1403,8000;1409,5000;987,3000;1316,0000;718,9000;1736,3000;481,8000;1562,4000;1210,5000;1375,4000;1039,4000;4115,0000;1006,5000;731,5000
32587,0000;247,6000;1696,1000;1979,7000;760,4000;1457,0000;952,0000;968,1000;949,1000;734,3000;1095,7000;1046,0000;660,0000;996,6000;1388,9000;1195,0000;1141,8000;3309,3000;1093,2000;1064,4000;980,9000;839,7000;468,1000;2281,7000;1883,7000;120,0000;450,5000;1588,8000;1377,4000;1306,1000;808,2000;611,5000;1254,2000;1053,0000;558,1000;584,5000;1031,4000;494,6000;1025,3000;692,0000;687,6000;1753,7000;359,7000;793,9000;1961,9000;989,1000;898,0000;2278,6001;982,5000;1148,0000;2846,8999;621,8000;1000,8000;730,4000;419,8000;1476,7000;721,5000;81,1000;1214,1000;1801,6000;913,5000;844,1000;3117,8000;575,6000;1989,9000;1242,6000;1233,2000;389,5000;249,4000;1127,5000;950,7000;607,1000;1000,0000;1403,8000;1403,4000;970,3000;1316,0000;715,5000;1678,9000;491,2000;1548,2000;1204,1000;1340,1000;1027,0000;4079,7000;1006,5000;715,4000
32588,0000;247,6000;1696,1000;1979,7000;760,4000;1457,0000;952,0000;968,1000;949,1000;734,3000;1095,7000;1046,0000;660,0000;996,6000;1388,9000;1195,0000;1141,8000;3309,3000;1093,2000;1064,4000;980,9000;839,7000;468,1000;2281,7000;1883,7000;120,0000;450,5000;1588,8000;1377,4000;1306,1000;808,2000;611,5000;1254,2000;1053,0000;558,1000;584,5000;1031,4000;494,6000;1025,3000;692,0000;687,6000;1753,7000;359,7000;793,9000;1961,9000;989,1000;898,0000;2278,6001;982,5000;1148,0000;2846,8999;621,8000;1000,8000;730,4000;419,8000;1476,7000;721,5000;81,1000;1214,1000;1801,6000;913,5000;844,1000;3117,8000;575,6000;1989,9000;1242,6000;1233,2000;389,5000;249,4000;1127,5000;950,7000;607,1000;1000,0000;1403,8000;1403,4000;970,3000;1316,0000;715,5000;1678,9000;491,2000;1548,2000;1204,1000;1340,1000;1027,0000;4079,7000;1006,5000;715,4000
32589,0000;248,2000;1709,1000;1957,5000;754,4000;1470,3000;927,2000;954,0000;955,1000;729,0000;1117,4000;1015,5000;666,3000;996,6000;1388,9000;1168,6000;1136,0000;3194,2000;1102,4000;1083,2000;967,2000;817,9000;453,4000;2281,7000;1889,0000;125,0000;440,0000;1588,8000;1395,1000;1259,3000;803,7000;611,5000;1256,9000;1053,0000;551,2000;581,2000;1018,2000;494,6000;996,3000;669,8000;656,1000;1729,7000;356,6000;772,0000;1953,3000;989,1000;902,9000;2301,8999;956,2000;1120,3000;2778,5000;621,8000;983,3000;734,5000;411,1000;1475,0000;734,2000;78,6000;1193,8000;1801,6000;887,7000;843,2000;2983,3000;569,4000;1957,8000;1263,0000;1241,5000;382,4000;249,4000;1136,7000;921,9000;607,1000;1007,3000;1397,2000;1378,9000;965,5000;1294,0000;705,2000;1690,4000;491,2000;1505,6000;1216,9000;1328,3000;1035,2000;3926,3999;994,7000;694,1000
32590,0000;250,6000;1728,6000;1957,5000;760,4000;1470,3000;935,5000;954,0000;955,1000;713,0000;1110,2000;1023,1000;655,8000;996,6000;1384,9000;1158,0000;1124,5000;3218,3999;1102,4000;1083,2000;960,4000;834,3000;458,3000;2303,5000;1889,0000;125,0000;437,3000;1625,8000;1386,3000;1283,4000;803,7000;615,9000;1270,3000;1077,4000;560,4000;591,2000;1018,2000;494,6000;1015,6000;675,4000;668,7000;1729,7000;353,4000;781,4000;1953,3000;994,9000;883,3000;2564,2000;943,0000;1139,2000;2764,8000;621,8000;986,2000;746,8000;406,1000;1453,9000;740,6000;78,6000;1204,0000;1834,5000;871,6000;841,2000;2989,1001;566,3000;1957,8000;1293,6000;1266,3000;391,9000;251,3000;1145,8000;919,0000;607,1000;1021,8000;1383,8000;1372,8000;967,9000;1316,0000;746,3000;1727,7000;491,2000;1491,4000;1223,3000;1363,6000;1031,1000;4008,8999;994,7000;688,7000
32591,0000;253,6000;1696,1000;1935,4000;766,3000;1463,7000;927,2000;972,8000;955,1000;707,7000;1153,4000;1046,0000;653,7000;1005,4000;1364,8000;1147,4000;1176,4000;3254,8000;1099,3000;1080,1000;967,2000;834,3000;453,4000;2281,7000;1899,6000;122,5000;437,3000;1640,6000;1386,3000;1276,3000;794,7000;607,0000;1278,3000;1085,5000;567,2000;591,2000;1017,0000;494,6000;996,3000;675,4000;662,4000;1711,8000;356,6000;781,4000;1979,0000;1000,6000;873,5000;2564,2000;956,2000;1132,9000;2764,8000;630,4000;986,2000;742,7000;401,0000;1471,5000;740,6000;79,4000;1204,0000;1826,3000;862,0000;857,6000;3018,3999;569,4000;1954,6000;1334,3000;1340,8000;403,8000;251,3000;1164,2000;915,0000;607,1000;1065,2000;1390,5000;1378,9000;955,8000;1288,5000;691,5000;1736,3000;483,7000;1519,8000;1236,2000;1340,1000;1035,2000;3973,5000;988,9000;678,1000
32594,0000;250,6000;1683,1000;1891,2000;742,5000;1463,7000;910,6000;968,1000;985,4000;707,7000;1146,2000;1030,8000;645,3000;1031,8000;1376,9000;1147,4000;1176,4000;3248,7000;1108,5000;1080,1000;960,4000;828,8000;458,3000;2287,2000;1920,9000;116,7000;447,9000;1566,6000;1404,0000;1255,0000;803,7000;589,1000;1289,0000;1097,7000;560,4000;584,5000;994,3000;474,6000;1006,0000;667,1000;656,1000;1693,8000;359,7000;765,8000;1979,0000;989,1000;873,5000;2535,0000;956,2000;1125,3000;2888,0000;621,8000;980,4000;750,9000;412,3000;1473,2000;727,9000;79,9000;1193,8000;1851,0000;862,0000;854,7000;3158,8000;556,9000;1957,8000;1324,1000;1365,7000;384,8000;249,0000;1188,6000;921,9000;607,1000;1043,5000;1363,7000;1421,7000;953,4000;1310,5000;684,7000;1693,3000;476,1000;1463,0000;1255,4000;1351,9000;1047,7000;4067,8999;965,3000;683,4000
32595,0000;261,6000;1759,1000;1995,1000;762,4000;1436,9000;1071,6000;1019,8000;1007,3000;723,7000;1247,1000;1074,0000;672,4000;1057,9000;1413,7000;1193,3000;1234,0000;3381,5000;1142,7000;1095,7000;991,1000;864,0000;482,1000;2305,8000;1942,2000;123,0000;437,3000;1620,3000;1398,8000;1272,7000;799,2000;629,8000;1316,3000;1089,6000;592,5000;611,2000;1023,3000;502,4000;1048,5000;690,2000;683,2000;1711,9000;373,3000;808,8000;2011,1000;1014,7000;906,1000;2622,3999;986,5000;1154,9000;2910,6001;654,9000;1011,7000;806,5000;402,3000;1468,8000;775,7000;81,4000;1229,0000;1896,4000;947,8000;892,1000;3158,8000;560,0000;2034,8000;1401,0000;1616,8000;392,8000;261,9000;1231,4000;950,7000;605,1000;1104,0000;1417,2000;1425,0000;1010,0000;1332,1000;714,8000;1729,1000;490,5000;1523,4000;1246,1000;1403,6000;1076,6000;4071,3999;988,9000;713,8000
32596,0000;266,1000;1850,4000;1961,9000;768,4000;1483,7000;1121,5000;1015,1000;991,4000;750,3000;1225,5000;1058,7000;683,0000;1076,4000;1392,6000;1198,6000;1222,5000;3393,6001;1113,8000;1105,1000;984,2000;853,1000;491,9000;2284,0000;1931,5000;117,1000;445,2000;1687,3000;1461,1000;1302,6000;808,2000;676,8000;1281,3000;1085,5000;594,9000;594,5000;1035,4000;525,7000;1038,8000;718,0000;689,5000;1699,3000;379,6000;848,2000;2002,5000;997,4000;916,0000;2622,3999;1020,5000;1156,2000;2938,1001;672,1000;1023,4000;831,2000;397,3000;1486,4000;762,9000;82,7000;1218,3000;1904,7000;930,5000;896,9000;3135,3999;575,6000;2050,8999;1370,3000;1625,1000;385,6000;258,1000;1231,4000;984,4000;614,0000;1162,1000;1417,2000;1473,9000;995,5000;1332,1000;721,7000;1766,6000;505,7000;1580,3000;1246,1000;1391,8000;1068,4000;4177,6001;971,2000;735,3000
32597,0000;268,0000;1824,3000;1961,9000;762,4000;1497,1000;1096,6000;1066,7000;985,1000;771,6000;1211,1000;1020,3000;711,2000;1057,9000;1401,0000;1198,6000;1199,4000;3393,6001;1100,9000;1102,0000;963,7000;836,7000;494,4000;2256,8000;1942,2000;120,4000;437,3000;1694,8000;1479,0000;1365,2000;808,2000;676,8000;1249,1000;1097,7000;582,9000;594,5000;1035,4000;529,0000;1029,1000;720,7000;695,8000;1718,2000;385,9000;854,8000;2036,9000;1003,2000;911,0000;2593,3000;1020,5000;1182,7000;2965,5000;667,8000;1017,5000;827,1000;403,5000;1516,3000;750,1000;83,0000;1196,9000;1896,4000;927,1000;891,1000;3147,1001;572,5000;2047,7000;1349,9000;1674,9000;392,8000;255,1000;1231,4000;1060,7000;618,5000;1147,6000;1410,5000;1455,6000;983,3000;1332,1000;728,6000;1737,8000;509,5000;1551,8000;1246,1000;1380,0000;1043,5000;4189,3999;965,3000;724,6000
32598,0000;266,1000;1843,8000;1973,0000;750,5000;1503,8000;1113,2000;1076,1000;985,1000;792,8000;1189,5000;1066,3000;718,2000;1057,9000;1413,7000;1246,4000;1176,4000;3490,7000;1113,8000;1092,6000;963,7000;825,7000;467,3000;2267,7000;2011,4000;118,8000;434,7000;1676,1000;1505,7000;1362,3000;812,7000;662,7000;1243,7000;1101,8000;580,5000;611,2000;1046,2000;532,3000;1029,1000;726,3000;721,1000;1730,8000;382,8000;844,9000;2036,9000;997,4000;925,8000;2593,3000;1061,3000;1180,1000;2965,5000;654,9000;1005,8000;814,8000;421,1000;1530,4000;743,7000;83,0000;1218,3000;1978,9000;923,7000;891,1000;3158,8000;553,8000;2089,3999;1329,4000;1641,7000;402,3000;252,8000;1224,7000;1070,6000;631,8000;1140,3000;1484,7000;1498,4000;980,9000;1361,1000;711,4000;1743,5000;509,5000;1594,5000;1239,7000;1391,8000;1043,5000;4236,6001;988,9000;724,6000
32601,0000;260,3000;1824,3000;1950,8000;762,4000;1503,8000;1146,4000;1062,0000;966,0000;787,5000;1189,5000;1051,0000;746,4000;1057,9000;1426,3000;1235,7000;1211,0000;3430,0000;1113,8000;1111,4000;984,2000;831,2000;477,2000;2289,5000;1968,8000;123,0000;445,2000;1590,5000;1514,6000;1343,8000;821,7000;662,7000;1254,5000;1073,3000;585,3000;584,5000;1089,6000;539,0000;1058,2000;715,2000;721,1000;1711,9000;389,1000;828,5000;1976,7000;997,4000;901,2000;2622,3999;1061,3000;1171,3000;2979,2000;685,0000;1000,0000;864,1000;429,9000;1519,9000;756,5000;81,4000;1239,7000;2218,0000;889,2000;911,3000;3182,1001;560,0000;2086,2000;1370,3000;1890,5000;399,9000;254,4000;1207,9000;1060,7000;618,5000;1118,5000;1619,7000;1547,3000;995,5000;1332,1000;704,5000;1714,7000;517,1000;1537,6000;1265,3000;1415,4000;1047,7000;4295,6001;977,1000;708,5000
32602,0000;260,3000;1817,8000;1973,0000;750,5000;1503,8000;1154,7000;1094,9000;969,2000;814,1000;1175,0000;1058,7000;725,2000;1081,0000;1422,1000;1241,1000;1228,3000;3399,7000;1110,5000;1117,6000;991,1000;847,6000;484,5000;2349,3000;1931,5000;118,8000;445,2000;1653,8000;1479,0000;1385,1000;826,2000;658,0000;1267,9000;1069,2000;590,1000;597,9000;1083,5000;552,3000;1077,6000;726,3000;746,4000;1737,1000;395,4000;835,1000;1993,9000;1008,9000;911,0000;2596,2000;1081,8000;1218,0000;3047,8999;685,0000;991,2000;851,8000;416,1000;1539,2000;769,3000;80,1000;1239,7000;2143,8000;913,3000;896,9000;3100,3000;563,2000;2083,0000;1360,1000;1865,6000;392,8000;254,7000;1207,9000;1040,9000;627,4000;1125,8000;1565,7000;1492,3000;990,6000;1332,1000;711,4000;1740,7000;517,1000;1608,8000;1271,8000;1427,2000;1051,8000;4213,0000;994,7000;713,8000
32603,0000;257,8000;1791,7000;1995,1000;762,4000;1470,3000;1146,4000;1113,7000;978,7000;808,8000;1182,3000;1051,0000;718,2000;1062,5000;1447,4000;1299,4000;1245,6000;3339,0000;1142,7000;1098,9000;997,9000;858,5000;482,1000;2343,8000;1936,9000;120,4000;447,9000;1679,9000;1479,0000;1379,4000;830,6000;658,0000;1251,8000;1069,2000;585,3000;597,9000;1095,6000;555,6000;1106,8000;731,8000;740,1000;1737,1000;389,1000;858,1000;1959,6000;1020,5000;920,9000;2564,2000;1074,9000;1218,0000;2979,2000;680,7000;1005,8000;872,4000;419,9000;1562,1000;756,5000;79,5000;1245,0000;2094,3000;913,3000;892,1000;3041,8000;563,2000;2073,3000;1360,1000;1849,0000;404,7000;254,4000;1221,3000;1070,6000;631,8000;1154,9000;1558,9000;1492,3000;983,3000;1349,5000;721,7000;1749,3000;513,3000;1665,7000;1258,9000;1462,6000;1051,8000;4154,0000;1000,6000;724,6000
32604,0000;261,0000;1765,7000;2006,2000;756,5000;1450,3000;1096,6000;1104,3000;981,9000;798,2000;1189,5000;1035,7000;718,2000;1085,6000;1417,9000;1272,9000;1251,3000;3326,8000;1126,6000;1076,9000;977,4000;836,7000;469,8000;2300,3000;1915,6000;118,8000;455,8000;1661,2000;1470,1000;1365,2000;839,6000;648,6000;1246,4000;1065,2000;575,6000;587,9000;1167,8000;542,3000;1087,4000;720,7000;714,8000;1693,0000;379,6000;841,6000;1959,6000;1003,2000;896,3000;2505,8999;1040,9000;1187,7000;2924,3000;672,1000;1005,8000;860,0000;419,9000;1539,2000;762,9000;80,1000;1229,0000;2061,3000;930,5000;887,3000;3065,2000;550,7000;2025,2000;1329,4000;1807,6000;397,5000;252,1000;1211,2000;1040,9000;631,8000;1133,1000;1545,4000;1455,6000;983,3000;1343,7000;704,5000;1740,7000;513,3000;1637,3000;1246,1000;1427,2000;1043,5000;4071,3999;1000,6000;719,2000
32605,0000;266,1000;1759,1000;1995,1000;756,5000;1450,3000;1096,6000;1141,9000;985,1000;798,2000;1167,8000;1058,7000;704,1000;1076,4000;1422,1000;1257,0000;1332,1000;3332,8999;1107,3000;1064,4000;991,1000;842,1000;469,8000;2262,3000;1904,9000;121,3000;455,8000;1646,3000;1443,3000;1368,0000;848,6000;653,3000;1235,7000;1057,0000;566,0000;597,9000;1216,0000;539,0000;1116,5000;737,4000;714,8000;1680,4000;379,6000;831,8000;1968,1000;1008,9000;891,3000;2476,7000;1047,7000;1180,1000;2896,8999;663,5000;994,1000;868,3000;419,9000;1588,5000;750,1000;80,1000;1223,6000;2086,1001;920,2000;904,6000;3100,3000;544,5000;2066,8999;1360,1000;1865,6000;402,3000;250,6000;1194,4000;1040,9000;636,3000;1183,9000;1545,4000;1443,4000;983,3000;1320,5000;704,5000;1726,2000;517,1000;1623,0000;1226,8000;1474,3000;1027,0000;4095,0000;1000,6000;713,8000
32608,0000;266,7000;1746,1000;2006,2000;756,5000;1450,3000;1104,9000;1146,6000;985,1000;787,5000;1196,7000;1051,0000;704,1000;1062,5000;1413,7000;1219,8000;1332,1000;3332,8999;1097,7000;1051,9000;977,4000;836,7000;462,4000;2262,3000;1899,6000;120,4000;458,4000;1653,8000;1416,6000;1336,7000;862,1000;648,6000;1235,7000;1057,0000;570,8000;597,9000;1173,8000;529,0000;1106,8000;740,1000;708,5000;1699,3000;370,1000;828,5000;1959,6000;1008,9000;881,5000;2476,7000;1027,3000;1166,3000;3020,3999;650,6000;976,6000;843,6000;432,5000;1583,2000;756,5000;80,1000;1213,0000;2102,6001;913,3000;888,2000;3076,8999;544,5000;2038,0000;1329,4000;1849,0000;404,7000;252,1000;1191,1000;1040,9000;640,7000;1183,9000;1531,9000;1431,1000;993,0000;1332,1000;701,1000;1717,6000;522,8000;1623,0000;1233,2000;1450,8000;1022,8000;4083,2000;988,9000;703,1000
32609,0000;276,2000;1746,1000;2017,3000;762,4000;1470,3000;1088,3000;1165,4000;981,9000;787,5000;1232,7000;1089,4000;732,3000;1030,2000;1401,0000;1235,7000;1349,4000;3369,3000;1100,9000;1058,2000;991,1000;842,1000;479,6000;2267,7000;1889,0000;120,4000;453,1000;1665,0000;1434,4000;1336,7000;866,6000;648,6000;1259,8000;1053,0000;575,6000;597,9000;1203,9000;532,3000;1116,5000;720,7000;714,8000;1674,1000;376,5000;838,4000;2019,7000;1032,0000;881,5000;2505,8999;1013,7000;1161,2000;2993,0000;663,5000;982,4000;880,6000;427,4000;1584,9000;795,0000;80,1000;1213,0000;2110,8000;913,3000;902,6000;3071,0000;550,7000;2038,0000;1349,9000;1807,6000;399,9000;253,6000;1184,3000;1050,8000;636,3000;1169,4000;1531,9000;1449,5000;1017,3000;1326,3000;704,5000;1729,1000;560,8000;1608,8000;1233,2000;1486,1000;1031,1000;4036,0000;988,9000;692,4000
32610,0000;280,7000;1765,7000;2039,5000;762,4000;1470,3000;1071,6000;1156,0000;981,9000;803,5000;1254,3000;1112,4000;725,2000;1062,5000;1401,0000;1235,7000;1343,6000;3393,6001;1100,9000;1089,5000;997,9000;858,5000;474,7000;2267,7000;1878,3000;121,3000;455,8000;1657,5000;1443,3000;1309,7000;875,5000;639,2000;1289,4000;1053,0000;580,5000;597,9000;1216,0000;529,0000;1145,6000;720,7000;714,8000;1680,4000;373,3000;828,5000;2088,5000;1049,3000;866,7000;2465,1001;1020,5000;1157,4000;2951,8000;654,9000;976,6000;855,9000;408,6000;1569,1000;801,4000;82,7000;1213,0000;2102,6001;909,9000;906,5000;3094,3999;550,7000;2038,0000;1360,1000;1732,9000;399,9000;254,7000;1177,6000;1031,0000;645,2000;1227,5000;1518,4000;1437,2000;1029,4000;1303,1000;707,9000;1711,8000;587,4000;1608,8000;1233,2000;1497,9000;1047,7000;4012,3999;983,0000;697,7000
32611,0000;288,9000;1759,1000;2006,2000;762,4000;1470,3000;1046,7000;1141,9000;985,1000;798,2000;1218,3000;1066,3000;718,2000;1039,4000;1401,0000;1225,1000;1309,0000;3496,8000;1104,1000;1086,3000;997,9000;847,6000;464,9000;2284,0000;1873,0000;124,6000;455,8000;1642,6000;1443,3000;1301,2000;871,1000;620,4000;1289,4000;1053,0000;578,0000;614,6000;1190,7000;522,3000;1126,2000;709,6000;702,2000;1674,1000;370,1000;828,5000;2054,1001;1049,3000;881,5000;2433,0000;1006,9000;1146,1000;2951,8000;654,9000;970,8000;843,6000;429,9000;1539,2000;795,0000;83,5000;1223,6000;2061,3000;906,4000;892,1000;3076,8999;550,7000;2038,0000;1349,9000;1716,3000;404,7000;254,4000;1167,5000;1001,2000;640,7000;1183,9000;1531,9000;1431,1000;1027,0000;1303,1000;704,5000;1717,6000;583,6000;1608,8000;1233,2000;1462,6000;1043,5000;4024,2000;988,9000;692,4000
32612,0000;288,9000;1752,6000;2028,4000;762,4000;1457,0000;1046,7000;1146,6000;988,3000;798,2000;1225,5000;1074,0000;704,1000;1057,9000;1401,0000;1219,8000;1355,1000;3539,3000;1120,2000;1058,2000;1004,7000;847,6000;464,9000;2278,6001;1878,3000;121,3000;453,1000;1650,1000;1443,3000;1312,5000;862,1000;634,5000;1262,5000;1061,1000;585,3000;607,9000;1202,7000;515,7000;1116,5000;701,3000;695,8000;1667,8000;370,1000;818,6000;2071,3000;1055,1000;881,5000;2535,0000;1006,9000;1173,8000;2951,8000;654,9000;979,5000;843,6000;429,9000;1555,0000;795,0000;80,9000;1207,6000;2036,6000;889,2000;892,1000;3071,0000;550,7000;2031,6000;1329,4000;1741,2000;407,1000;256,2000;1184,3000;991,3000;631,8000;1183,9000;1531,9000;1431,1000;1022,2000;1332,1000;701,1000;1723,4000;581,7000;1580,3000;1220,4000;1486,1000;1035,2000;3953,3999;988,9000;687,0000
32615,0000;290,2000;1759,1000;2017,3000;768,4000;1443,6000;1046,7000;1156,0000;997,8000;798,2000;1203,9000;1074,0000;697,8000;1062,5000;1405,2000;1241,1000;1360,9000;3575,7000;1123,4000;1076,1000;997,9000;836,7000;474,7000;2273,1001;1878,3000;121,3000;447,9000;1650,1000;1461,1000;1336,7000;875,5000;639,2000;1286,7000;1073,3000;575,6000;617,9000;1181,1000;522,3000;1116,5000;687,5000;689,5000;1661,5000;376,5000;828,5000;2062,7000;1066,6000;930,7000;2535,0000;1013,7000;1176,4000;2951,8000;663,5000;988,3000;839,4000;426,2000;1548,0000;795,0000;81,4000;1202,3000;2028,4000;889,2000;888,2000;3071,0000;556,9000;2038,0000;1329,4000;1741,2000;399,9000;256,6000;1194,4000;1001,2000;631,8000;1183,9000;1531,9000;1443,4000;1007,6000;1320,5000;694,2000;1723,4000;576,0000;1608,8000;1233,2000;1474,3000;1027,0000;3977,0000;977,1000;697,7000
32616,0000;283,2000;1759,1000;1984,1000;762,4000;1463,7000;1055,0000;1146,6000;1004,2000;792,8000;1196,7000;1097,0000;711,2000;1062,5000;1413,7000;1203,9000;1320,5000;3551,3999;1117,0000;1066,7000;991,1000;831,2000;467,3000;2284,0000;1889,0000;119,6000;447,9000;1620,3000;1452,2000;1350,9000;871,1000;634,5000;1276,0000;1089,6000;568,4000;621,3000;1216,0000;532,3000;1097,1000;687,5000;689,5000;1642,7000;367,0000;815,3000;2036,9000;1055,1000;881,5000;2505,8999;1013,7000;1176,4000;2951,8000;663,5000;967,8000;847,7000;432,5000;1574,4000;788,6000;80,6000;1218,3000;1987,1000;889,2000;885,4000;3041,8000;556,9000;2079,8000;1329,4000;1724,6000;397,5000;255,1000;1184,3000;1021,1000;636,3000;1169,4000;1498,2000;1406,7000;1005,2000;1320,5000;694,2000;1700,3000;579,8000;1594,5000;1233,2000;1450,8000;1027,0000;3965,2000;988,9000;697,7000
32617,0000;285,7000;1726,6000;1973,0000;762,4000;1450,3000;1055,0000;1156,0000;988,3000;899,3000;1196,7000;1081,7000;702,7000;1053,3000;1396,8000;1193,3000;1309,0000;3502,8999;1094,4000;1054,1000;970,6000;825,7000;464,9000;2267,7000;1867,7000;119,6000;447,9000;1605,4000;1461,1000;1373,7000;875,5000;625,1000;1257,2000;1085,5000;563,6000;631,3000;1190,7000;539,0000;1087,4000;687,5000;689,5000;1636,4000;370,1000;815,3000;2183,0000;1032,0000;896,3000;2491,3000;1000,1000;1189,0000;2938,1001;650,6000;964,9000;855,9000;423,7000;1579,7000;775,7000;82,2000;1202,3000;1978,9000;875,4000;880,6000;3030,1001;547,6000;2073,3000;1319,2000;1741,2000;399,9000;254,0000;1160,8000;1031,0000;622,9000;1162,1000;1498,2000;1418,9000;1029,4000;1303,1000;690,8000;1680,1000;566,5000;1566,1000;1233,2000;1439,0000;1022,8000;3953,3999;983,0000;692,4000
32618,0000;283,2000;1726,6000;1984,1000;756,5000;1463,7000;1046,7000;1123,1000;985,1000;867,3000;1175,0000;1066,3000;725,2000;1057,9000;1384,1000;1193,3000;1309,0000;3460,3999;1091,2000;1054,1000;963,7000;836,7000;464,9000;2262,3000;1825,1000;126,3000;440,0000;1583,0000;1470,1000;1350,9000;871,1000;620,4000;1249,1000;1069,2000;556,4000;634,6000;1181,1000;532,3000;1087,4000;679,2000;702,2000;1617,5000;363,8000;792,3000;2140,0000;1020,5000;876,6000;2491,3000;1000,1000;1167,5000;2883,1001;641,9000;967,8000;839,4000;419,9000;1565,6000;782,2000;79,0000;1213,0000;2044,9000;861,6000;879,6000;3053,5000;547,6000;2044,5000;1319,2000;1699,8000;404,7000;252,5000;1160,8000;1021,1000;609,6000;1147,6000;1471,2000;1406,7000;1056,2000;1285,8000;687,3000;1668,6000;553,2000;1537,6000;1220,4000;1439,0000;1018,7000;3941,6001;983,0000;692,4000
32619,0000;283,2000;1746,1000;1995,1000;768,4000;1457,0000;1038,4000;1109,0000;978,7000;846,0000;1175,0000;1051,0000;725,2000;1039,4000;1379,9000;1177,4000;1309,0000;3454,3000;1091,2000;1076,1000;970,6000;820,2000;462,4000;2278,6001;1814,5000;125,5000;442,6000;1553,2000;1443,3000;1346,7000;853,1000;620,4000;1249,1000;1097,7000;558,8000;631,3000;1182,3000;525,7000;1058,2000;668,1000;695,8000;1617,5000;360,6000;789,0000;2122,8000;1008,9000;861,8000;2482,6001;979,7000;1148,6000;2814,5000;637,6000;967,8000;835,3000;421,1000;1572,6000;775,7000;80,1000;1207,6000;2044,9000;865,1000;872,9000;3030,1001;544,5000;2070,1001;1309,0000;1641,7000;409,4000;252,5000;1157,4000;1021,1000;600,7000;1125,8000;1376,7000;1406,7000;1070,7000;1303,1000;683,9000;1642,7000;547,5000;1494,9000;1201,1000;1415,4000;1022,8000;3929,8000;988,9000;681,6000
32622,0000;280,0000;1791,7000;2006,2000;774,4000;1457,0000;1013,5000;1090,2000;972,4000;830,1000;1153,4000;1043,3000;718,2000;1053,3000;1392,6000;1166,8000;1285,9000;3424,0000;1078,3000;1066,7000;956,9000;825,7000;457,5000;2246,0000;1835,8000;123,8000;437,3000;1556,9000;1434,4000;1349,5000;857,6000;611,0000;1262,5000;1101,8000;554,0000;631,3000;1157,0000;529,0000;1048,5000;668,1000;676,9000;1604,9000;351,1000;769,3000;2079,8999;1026,2000;856,9000;2491,3000;966,1000;1154,9000;2814,5000;637,6000;950,3000;818,9000;424,9000;1546,2000;782,2000;79,5000;1196,9000;2061,3000;861,6000;862,3000;2995,0000;547,6000;2060,5000;1298,8000;1558,8000;409,4000;250,2000;1150,7000;1011,2000;600,7000;1104,0000;1397,0000;1406,7000;1056,2000;1291,6000;677,0000;1625,4000;538,0000;1523,4000;1214,0000;1403,6000;1027,0000;3882,6001;988,9000;676,3000
32623,0000;278,1000;1772,2000;2006,2000;774,4000;1477,0000;1038,4000;1094,9000;972,4000;819,4000;1153,4000;1043,3000;746,4000;1057,9000;1401,0000;1161,5000;1285,9000;3460,3999;1091,2000;1082,4000;956,9000;831,2000;462,4000;2267,7000;1835,8000;123,0000;461,0000;1583,0000;1443,3000;1365,2000;866,6000;629,8000;1273,3000;1101,8000;558,8000;621,3000;1158,2000;532,3000;1048,5000;668,1000;689,5000;1604,9000;357,5000;798,9000;2036,9000;1020,5000;856,9000;2476,7000;993,3000;1159,9000;2800,8000;654,9000;959,1000;831,2000;424,9000;1542,7000;801,4000;79,5000;1191,6000;2061,3000;854,7000;873,9000;3041,8000;547,6000;2054,1001;1298,8000;1600,3000;404,7000;251,3000;1160,8000;1011,2000;605,1000;1118,5000;1444,2000;1425,0000;1041,6000;1320,5000;680,4000;1662,8000;551,3000;1537,6000;1233,2000;1403,6000;1043,5000;3929,8000;1006,5000;687,0000
32624,0000;270,5000;1772,2000;2028,4000;810,1000;1443,6000;1030,1000;1113,7000;978,7000;819,4000;1153,4000;1051,0000;774,5000;1071,8000;1392,6000;1182,7000;1291,7000;3399,7000;1097,7000;1082,4000;956,9000;831,2000;452,6000;2273,1001;1835,8000;122,1000;482,1000;1627,7000;1461,1000;1386,5000;880,0000;648,6000;1262,5000;1122,1000;549,1000;624,6000;1167,8000;542,3000;1038,8000;673,6000;683,2000;1604,9000;357,5000;795,6000;2062,7000;1003,2000;881,5000;2593,3000;1006,9000;1157,4000;2828,2000;641,9000;962,0000;851,8000;427,4000;1558,6000;801,4000;79,5000;1196,9000;2020,1000;858,2000;892,1000;3018,3999;547,6000;2054,1001;1288,5000;1633,4000;411,8000;248,7000;1157,4000;1011,2000;609,6000;1125,8000;1444,2000;1425,0000;1024,6000;1285,8000;680,4000;1720,5000;557,0000;1566,1000;1226,8000;1391,8000;1043,5000;4000,6001;1047,7000;681,6000
32625,0000;271,1000;1765,7000;2028,4000;786,3000;1483,7000;1046,7000;1132,5000;978,7000;840,7000;1131,8000;1066,3000;746,4000;1062,5000;1375,7000;1182,7000;1291,7000;3430,0000;1094,4000;1063,5000;963,7000;836,7000;455,0000;2256,8000;1915,6000;128,8000;505,8000;1609,1000;1496,8000;1450,5000;933,9000;643,9000;1257,2000;1142,4000;558,8000;627,9000;1195,5000;555,6000;1058,2000;687,5000;708,5000;1592,3000;363,8000;818,6000;2148,6001;997,4000;866,7000;2637,0000;1040,9000;1186,5000;2855,7000;650,6000;976,6000;843,6000;422,4000;1570,9000;801,4000;78,7000;1196,9000;2061,3000;858,2000;888,2000;3024,2000;547,6000;2038,0000;1288,5000;1625,1000;411,8000;247,9000;1150,7000;1021,1000;605,1000;1125,8000;1450,9000;1437,2000;1036,7000;1303,1000;687,3000;1720,5000;566,5000;1580,3000;1239,7000;1427,2000;1035,2000;4000,6001;1077,1000;713,8000
32626,0000;276,2000;1791,7000;2028,4000;798,2000;1503,8000;1063,3000;1146,6000;972,4000;840,7000;1160,6000;1074,0000;760,4000;1062,5000;1405,2000;1172,1000;1297,5000;3521,1001;1088,0000;1079,2000;970,6000;842,1000;455,0000;2273,1001;1931,5000;126,3000;495,3000;1679,9000;1479,0000;1464,7000;920,4000;639,2000;1257,2000;1170,9000;558,8000;614,6000;1190,7000;545,6000;1048,5000;706,9000;708,5000;1617,5000;367,0000;838,4000;2148,6001;1003,2000;891,3000;2637,0000;1047,7000;1183,9000;2883,1001;654,9000;994,1000;839,4000;426,2000;1583,2000;833,4000;78,7000;1196,9000;2044,9000;868,5000;889,2000;3199,7000;544,5000;2079,8000;1329,4000;1650,0000;414,2000;248,7000;1150,7000;1031,0000;614,0000;1140,3000;1457,7000;1437,2000;1044,0000;1297,3000;687,3000;1749,3000;570,3000;1594,5000;1246,1000;1427,2000;1047,7000;3929,8000;1065,4000;719,2000
32629,0000;274,3000;1785,2000;2117,1001;810,1000;1490,4000;1046,7000;1127,8000;975,6000;856,7000;1146,2000;1058,7000;760,4000;1081,0000;1413,7000;1188,0000;1291,7000;3563,6001;1081,6000;1079,2000;977,4000;858,5000;460,0000;2294,8999;2000,7000;125,5000;532,2000;1687,3000;1496,8000;1507,4000;920,4000;639,2000;1257,2000;1199,3000;556,4000;614,6000;1185,9000;548,9000;1077,6000;712,4000;702,2000;1617,5000;373,3000;854,8000;2157,2000;1003,2000;901,2000;2622,3999;1068,1000;1199,1000;2924,3000;663,5000;1000,0000;843,6000;426,2000;1611,3000;833,4000;78,7000;1196,9000;2053,1001;882,3000;890,2000;3211,3999;550,7000;2079,8000;1319,2000;1641,7000;416,6000;250,6000;1167,5000;1021,1000;622,9000;1133,1000;1417,2000;1443,4000;1029,4000;1297,3000;704,5000;1755,1000;566,5000;1608,8000;1252,5000;1427,2000;1055,9000;3894,3999;1059,5000;719,2000
32630,0000;275,6000;1863,4000;2106,0000;810,1000;1497,1000;1071,6000;1141,9000;972,4000;851,4000;1211,1000;1051,0000;774,5000;1104,1000;1409,4000;1182,7000;1291,7000;3593,8999;1088,0000;1085,5000;984,2000;885,9000;472,2000;2289,5000;1995,4000;126,3000;540,1000;1691,0000;1541,3000;1535,8000;911,5000;639,2000;1257,2000;1195,3000;568,4000;631,3000;1179,8000;552,3000;1097,1000;706,9000;714,8000;1611,2000;379,6000;844,9000;2183,0000;1026,2000;906,1000;2724,3999;1068,1000;1200,3000;2924,3000;667,8000;1005,8000;839,4000;426,2000;1643,0000;859,1000;78,7000;1202,3000;2069,6001;885,7000;900,7000;3345,8999;578,7000;2140,7000;1339,7000;1625,1000;409,4000;252,5000;1167,5000;1031,0000;631,8000;1147,6000;1424,0000;1449,5000;1044,0000;1274,2000;714,8000;1755,1000;555,1000;1608,8000;1284,6000;1474,3000;1076,6000;3929,8000;1053,6000;719,2000
32631,0000;275,6000;1863,4000;2106,0000;810,1000;1497,1000;1071,6000;1141,9000;972,4000;851,4000;1211,1000;1051,0000;774,5000;1104,1000;1409,4000;1182,7000;1291,7000;3593,8999;1088,0000;1085,5000;984,2000;885,9000;472,2000;2289,5000;1995,4000;126,3000;540,1000;1691,0000;1541,3000;1535,8000;911,5000;639,2000;1257,2000;1195,3000;568,4000;631,3000;1179,8000;552,3000;1097,1000;706,9000;714,8000;1611,2000;379,6000;844,9000;2183,0000;1026,2000;906,1000;2724,3999;1068,1000;1200,3000;2924,3000;667,8000;1005,8000;839,4000;426,2000;1643,0000;859,1000;78,7000;1202,3000;2069,6001;885,7000;900,7000;3345,8999;578,7000;2140,7000;1339,7000;1625,1000;409,4000;252,5000;1167,5000;1031,0000;631,8000;1147,6000;1424,0000;1449,5000;1044,0000;1274,2000;714,8000;1755,1000;555,1000;1608,8000;1284,6000;1474,3000;1076,6000;3929,8000;1053,6000;719,2000
32632,0000;275,6000;1863,4000;2106,0000;810,1000;1497,1000;1071,6000;1141,9000;972,4000;851,4000;1211,1000;1051,0000;774,5000;1104,1000;1409,4000;1182,7000;1291,7000;3593,8999;1088,0000;1085,5000;984,2000;885,9000;472,2000;2289,5000;1995,4000;126,3000;540,1000;1691,0000;1541,3000;1535,8000;911,5000;639,2000;1257,2000;1195,3000;568,4000;631,3000;1179,8000;552,3000;1097,1000;706,9000;714,8000;1611,2000;379,6000;844,9000;2183,0000;1026,2000;906,1000;2724,3999;1068,1000;1200,3000;2924,3000;667,8000;1005,8000;839,4000;426,2000;1643,0000;859,1000;78,7000;1202,3000;2069,6001;885,7000;900,7000;3345,8999;578,7000;2140,7000;1339,7000;1625,1000;409,4000;252,5000;1167,5000;1031,0000;631,8000;1147,6000;1424,0000;1449,5000;1044,0000;1274,2000;714,8000;1755,1000;555,1000;1608,8000;1284,6000;1474,3000;1076,6000;3929,8000;1053,6000;719,2000
32633,0000;275,6000;1863,4000;2106,0000;810,1000;1497,1000;1071,6000;1141,9000;972,4000;851,4000;1211,1000;1051,0000;774,5000;1104,1000;1409,4000;1182,7000;1291,7000;3593,8999;1088,0000;1085,5000;984,2000;885,9000;472,2000;2289,5000;1995,4000;126,3000;540,1000;1691,0000;1541,3000;1535,8000;911,5000;639,2000;1257,2000;1195,3000;568,4000;631,3000;1179,8000;552,3000;1097,1000;706,9000;714,8000;1611,2000;379,6000;844,9000;2183,0000;1026,2000;906,1000;2724,3999;1068,1000;1200,3000;2924,3000;667,8000;1005,8000;839,4000;426,2000;1643,0000;859,1000;78,7000;1202,3000;2069,6001;885,7000;900,7000;3345,8999;578,7000;2140,7000;1339,7000;1625,1000;409,4000;252,5000;1167,5000;1031,0000;631,8000;1147,6000;1424,0000;1449,5000;1044,0000;1274,2000;714,8000;1755,1000;555,1000;1608,8000;1284,6000;1474,3000;1076,6000;3929,8000;1053,6000;719,2000
32636,0000;278,1000;1850,4000;2117,1001;810,1000;1530,5000;1055,0000;1141,9000;985,1000;846,0000;1196,7000;1066,3000;774,5000;1108,7000;1434,8000;1230,4000;1291,7000;3703,2000;1088,0000;1098,0000;991,1000;885,9000;474,7000;2376,5000;1995,4000;128,0000;548,0000;1877,3000;1541,3000;1521,6000;916,0000;643,9000;1294,8000;1183,1000;582,9000;644,6000;1177,4000;552,3000;1097,1000;715,2000;721,1000;1693,0000;382,8000;851,5000;2122,8000;1037,8000;920,9000;2908,0000;1088,6000;1210,4000;2924,3000;663,5000;1038,0000;843,6000;432,5000;1671,1000;846,3000;80,1000;1207,6000;2143,8000;920,2000;889,2000;3439,5000;581,8000;2099,0000;1349,9000;1600,3000;399,9000;263,8000;1197,8000;1021,1000;636,3000;1140,3000;1464,4000;1480,1000;1073,1000;1245,2000;728,6000;1887,6000;557,0000;1665,7000;1278,2000;1486,1000;1097,4000;4059,6001;1047,7000;751,4000
32637,0000;282,6000;1843,8000;2094,8999;804,1000;1503,8000;1046,7000;1132,5000;1004,2000;835,4000;1225,5000;1089,4000;760,4000;1118,0000;1430,5000;1219,8000;1349,4000;3751,8000;1113,8000;1123,1000;1004,7000;907,7000;479,6000;2354,7000;1974,1000;128,0000;537,4000;1888,4000;1514,6000;1507,4000;911,5000;639,2000;1310,9000;1166,8000;594,9000;664,7000;1183,5000;542,3000;1126,2000;709,6000;714,8000;1705,6000;382,8000;848,2000;2148,6001;1055,1000;945,5000;2884,7000;1068,1000;1187,7000;2924,3000;667,8000;1017,5000;835,3000;456,3000;1657,1000;859,1000;81,1000;1202,3000;2135,6001;923,7000;902,6000;3439,5000;569,4000;2118,3000;1370,3000;1575,4000;404,7000;267,9000;1204,5000;1001,2000;631,8000;1147,6000;1457,7000;1504,5000;1102,3000;1274,2000;725,1000;1830,0000;568,4000;1637,3000;1291,0000;1545,1000;1113,9000;4083,2000;1047,7000;740,7000
32638,0000;284,5000;1817,8000;2083,8000;810,1000;1497,1000;1038,4000;1127,8000;1016,9000;835,4000;1203,9000;1066,3000;767,5000;1118,0000;1426,3000;1182,7000;1326,3000;3691,1001;1136,3000;1110,6000;1011,6000;902,3000;482,1000;2343,8000;1968,8000;129,6000;537,4000;1899,6000;1496,8000;1507,4000;907,0000;639,2000;1292,1000;1166,8000;594,9000;651,3000;1167,8000;545,6000;1126,2000;709,6000;714,8000;1711,9000;373,3000;864,7000;2114,3000;1055,1000;920,9000;2846,8000;1061,3000;1182,7000;2951,8000;676,4000;997,1000;843,6000;448,8000;1662,3000;846,3000;82,7000;1202,3000;2094,3000;940,9000;896,9000;3439,5000;572,5000;2108,6001;1360,1000;1592,0000;399,9000;264,5000;1211,2000;1011,2000;636,3000;1147,6000;1450,9000;1480,1000;1099,9000;1262,6000;725,1000;1832,9000;585,5000;1623,0000;1297,5000;1533,3000;1097,4000;4047,8000;1041,8000;735,3000
32639,0000;283,8000;1791,7000;2072,7000;810,1000;1483,7000;1038,4000;1137,2000;1016,9000;835,4000;1182,3000;1074,0000;760,4000;1113,3000;1430,5000;1203,9000;1326,3000;3685,0000;1126,6000;1104,3000;997,9000;891,3000;482,1000;2365,6001;1963,5000;129,6000;532,2000;1888,4000;1479,0000;1535,8000;893,5000;653,3000;1286,7000;1162,7000;587,7000;658,0000;1173,8000;552,3000;1116,5000;718,0000;714,8000;1743,4000;376,5000;861,4000;2131,3999;1043,5000;901,2000;2797,3000;1068,1000;1192,8000;2924,3000;672,1000;1002,9000;843,6000;460,1000;1662,3000;833,4000;84,1000;1202,3000;2102,6001;934,0000;900,7000;3404,3999;575,6000;2140,7000;1370,3000;1616,8000;407,1000;263,4000;1211,2000;1011,2000;645,2000;1133,1000;1457,7000;1480,1000;1080,4000;1303,1000;714,8000;1815,6000;570,3000;1637,3000;1284,6000;1533,3000;1093,2000;4000,6001;1041,8000;713,8000
32640,0000;283,8000;1791,7000;2061,6001;822,0000;1463,7000;1030,1000;1123,1000;1007,3000;830,1000;1182,3000;1066,3000;753,4000;1113,3000;1413,7000;1188,0000;1309,0000;3654,7000;1110,5000;1098,0000;991,1000;880,4000;482,1000;2338,3999;1920,9000;137,2000;521,6000;1862,4000;1479,0000;1507,4000;893,5000;643,9000;1278,6000;1146,5000;578,0000;661,3000;1161,8000;548,9000;1087,4000;701,3000;702,2000;1718,2000;370,1000;854,8000;2140,0000;1032,0000;901,2000;2785,6001;1061,3000;1177,6000;2951,8000;667,8000;988,3000;839,4000;462,6000;1651,8000;833,4000;83,8000;1207,6000;2069,6001;944,3000;894,0000;3305,0000;572,5000;2150,3999;1349,9000;1583,7000;402,3000;263,0000;1201,1000;991,3000;636,3000;1125,8000;1457,7000;1467,8000;1068,3000;1291,6000;711,4000;1786,8000;570,3000;1637,3000;1284,6000;1521,5000;1080,8000;4012,3999;1041,8000;713,8000
32643,0000;282,6000;1791,7000;2050,6001;822,0000;1443,6000;1038,4000;1113,7000;1004,2000;830,1000;1196,7000;1066,3000;746,4000;1094,9000;1379,9000;1182,7000;1303,2000;3624,3000;1094,4000;1098,0000;997,9000;885,9000;482,1000;2365,6001;1947,5000;138,0000;516,4000;1840,0000;1470,1000;1493,1000;889,0000;629,8000;1259,8000;1134,3000;580,5000;664,7000;1155,8000;542,3000;1097,1000;695,8000;695,8000;1674,1000;367,0000;844,9000;2140,0000;1026,2000;906,1000;2782,7000;1047,7000;1167,5000;2951,8000;663,5000;970,8000;827,1000;462,6000;1636,0000;839,9000;81,4000;1207,6000;2020,1000;937,4000;894,0000;3334,2000;572,5000;2150,3999;1360,1000;1567,1000;402,3000;261,9000;1204,5000;991,3000;631,8000;1111,3000;1464,4000;1443,4000;1058,6000;1291,6000;704,5000;1760,8000;577,9000;1623,0000;1284,6000;1533,3000;1084,9000;4000,6001;1035,9000;713,8000
32644,0000;292,1000;1811,3000;2083,8000;822,0000;1470,3000;1038,4000;1113,7000;1010,5000;830,1000;1225,5000;1097,0000;767,5000;1104,1000;1405,2000;1198,6000;1326,3000;3794,3000;1100,9000;1138,8000;1038,9000;907,7000;491,9000;2360,2000;1947,5000;133,8000;513,7000;1814,0000;1496,8000;1478,9000;893,5000;634,5000;1321,6000;1142,4000;599,7000;674,7000;1177,4000;539,0000;1145,6000;693,0000;695,8000;1730,8000;360,6000;841,6000;2226,0000;1060,8000;886,4000;2913,8000;1034,1000;1158,7000;2951,8000;672,1000;959,1000;831,2000;457,6000;1630,7000;859,1000;85,1000;1218,3000;2036,6000;927,1000;916,1000;3445,3999;572,5000;2176,0000;1411,3000;1575,4000;402,3000;270,9000;1211,2000;991,3000;618,5000;1140,3000;1477,9000;1467,8000;1131,4000;1297,3000;707,9000;1755,1000;629,3000;1651,5000;1278,2000;1604,1000;1105,6000;4083,2000;1053,6000;713,8000
32645,0000;301,6000;1811,3000;2094,8999;816,1000;1463,7000;1055,0000;1104,3000;1010,5000;835,4000;1232,7000;1066,3000;753,4000;1085,6000;1405,2000;1188,0000;1343,6000;3776,1001;1110,5000;1123,1000;1038,9000;907,7000;482,1000;2360,2000;1963,5000;131,3000;513,7000;1825,1000;1487,9000;1521,6000;898,0000;639,2000;1305,5000;1126,1000;592,5000;674,7000;1166,6000;539,0000;1116,5000;693,0000;714,8000;1674,1000;363,8000;848,2000;2269,0000;1066,6000;891,3000;2797,3000;1040,9000;1167,5000;2924,3000;672,1000;988,3000;843,6000;458,9000;1618,4000;839,9000;86,2000;1213,0000;2069,6001;930,5000;909,4000;3656,0000;578,7000;2262,7000;1380,6000;1592,0000;407,1000;272,8000;1201,1000;991,3000;627,4000;1133,1000;1477,9000;1480,1000;1165,4000;1297,3000;704,5000;1757,9000;642,6000;1623,0000;1271,8000;1604,1000;1093,2000;4118,6001;1065,4000;708,5000
32646,0000;298,4000;1804,8000;2083,8000;816,1000;1463,7000;1038,4000;1099,6000;1004,2000;835,4000;1225,5000;1081,7000;753,4000;1094,9000;1379,9000;1193,3000;1320,5000;3757,8999;1097,7000;1135,7000;1032,1000;902,3000;474,7000;2365,6001;1958,2000;133,8000;505,8000;1799,1000;1479,0000;1478,9000;889,0000;629,8000;1316,3000;1118,0000;590,1000;674,7000;1146,1000;532,3000;1126,2000;684,7000;714,8000;1642,7000;360,6000;848,2000;2277,5000;1066,6000;911,0000;3001,2000;1027,3000;1144,8000;2951,8000;663,5000;976,6000;827,1000;458,9000;1597,3000;827,0000;86,5000;1202,3000;2086,1001;927,1000;906,5000;3685,2000;584,9000;2217,8000;1370,3000;1583,7000;409,4000;271,3000;1187,7000;977,4000;622,9000;1133,1000;1450,9000;1486,2000;1172,7000;1291,6000;704,5000;1726,2000;625,5000;1608,8000;1265,3000;1615,9000;1093,2000;4177,6001;1047,7000;708,5000
32647,0000;301,6000;1824,3000;2083,8000;810,1000;1463,7000;1030,1000;1080,8000;997,8000;846,0000;1261,6000;1097,0000;753,4000;1099,5000;1405,2000;1193,3000;1343,6000;3842,8000;1094,4000;1170,2000;1032,1000;918,7000;484,5000;2343,8000;1926,2000;132,2000;516,4000;1806,5000;1496,8000;1521,6000;889,0000;620,4000;1356,5000;1122,1000;597,3000;684,7000;1144,9000;532,3000;1145,6000;684,7000;708,5000;1655,2000;354,3000;854,8000;2311,8999;1078,1000;891,3000;3321,7000;1027,3000;1151,1000;2993,0000;663,5000;994,1000;823,0000;465,1000;1597,3000;859,1000;90,2000;1186,2000;2160,3000;923,7000;918,0000;3685,2000;600,5000;2217,8000;1421,5000;1608,6000;402,3000;277,7000;1191,1000;981,4000;618,5000;1147,6000;1450,9000;1535,1000;1184,8000;1297,3000;707,9000;1749,3000;646,4000;1623,0000;1278,2000;1615,9000;1105,6000;4248,3999;1077,1000;692,4000
32650,0000;304,8000;1804,8000;2061,6001;816,1000;1470,3000;1030,1000;1085,5000;994,6000;862,0000;1276,0000;1097,0000;746,4000;1122,6000;1396,8000;1172,1000;1366,7000;3909,6001;1094,4000;1236,1000;1066,3000;946,0000;509,1000;2343,8000;1926,2000;134,7000;508,5000;1791,6000;1514,6000;1478,9000;898,0000;620,4000;1396,8000;1126,1000;614,2000;684,7000;1167,8000;525,7000;1165,0000;690,2000;721,1000;1674,1000;354,3000;854,8000;2346,3000;1089,7000;920,9000;3380,0000;1020,5000;1133,4000;3034,2000;672,1000;988,3000;814,8000;471,4000;1606,1000;859,1000;94,8000;1202,3000;2110,8000;923,7000;928,5000;3714,5000;606,7000;2230,6001;1441,9000;1608,6000;416,6000;286,4000;1184,3000;972,5000;609,6000;1140,3000;1477,9000;1529,0000;1233,4000;1303,1000;707,9000;1746,4000;650,2000;1637,3000;1258,9000;1627,7000;1134,6000;4307,3999;1077,1000;692,4000
32651,0000;304,8000;1798,2000;2028,4000;828,0000;1457,0000;1021,8000;1066,7000;997,8000;846,0000;1297,6000;1089,4000;760,4000;1127,2000;1413,7000;1145,6000;1343,6000;3885,3000;1117,0000;1267,5000;1066,3000;935,1000;509,1000;2365,6001;1942,2000;130,5000;521,6000;1754,4000;1514,6000;1464,7000;893,5000;596,9000;1437,1000;1109,9000;611,8000;678,0000;1166,6000;512,3000;1145,6000;681,9000;702,2000;1693,0000;351,1000;835,1000;2389,3000;1101,2000;920,9000;3321,7000;1000,1000;1128,4000;3075,3000;663,5000;991,2000;798,3000;473,9000;1558,6000;846,3000;100,1000;1213,0000;2069,6001;940,9000;920,9000;3802,2000;606,7000;2198,5000;1431,7000;1550,5000;416,6000;286,4000;1187,7000;971,5000;600,7000;1125,8000;1498,2000;1522,9000;1255,2000;1303,1000;704,5000;1729,1000;644,5000;1594,5000;1278,2000;1604,1000;1134,6000;4283,7998;1059,5000;687,0000
32652,0000;304,8000;1791,7000;2028,4000;822,0000;1450,3000;1038,4000;1080,8000;997,8000;840,7000;1290,4000;1089,4000;760,4000;1108,7000;1401,0000;1150,9000;1314,8000;3873,2000;1123,4000;1245,5000;1045,8000;924,1000;496,8000;2349,3000;1942,2000;134,7000;519,0000;1765,5000;1496,8000;1478,9000;884,5000;620,4000;1396,8000;1118,0000;599,7000;691,4000;1169,0000;509,0000;1145,6000;673,6000;702,2000;1705,6000;344,8000;831,8000;2389,3000;1078,1000;906,1000;3205,2000;1000,1000;1136,0000;3116,5000;672,1000;967,8000;802,4000;475,2000;1576,2000;820,6000;99,0000;1191,6000;2036,6000;937,4000;913,2000;3837,3000;631,6000;2169,6001;1411,3000;1583,7000;407,1000;280,7000;1184,3000;971,5000;600,7000;1118,5000;1518,4000;1522,9000;1238,2000;1303,1000;697,6000;1723,4000;648,3000;1623,0000;1278,2000;1592,3000;1130,5000;4236,6001;1077,1000;697,7000
32653,0000;306,1000;1791,7000;2028,4000;822,0000;1463,7000;1046,7000;1085,5000;1013,7000;862,0000;1304,8000;1089,4000;788,6000;1104,1000;1422,1000;1150,9000;1343,6000;3836,8000;1113,8000;1254,9000;1045,8000;929,6000;499,3000;2365,6001;1942,2000;133,8000;519,0000;1780,4000;1523,5000;1507,4000;884,5000;615,7000;1402,2000;1118,0000;602,1000;691,4000;1166,6000;515,7000;1155,3000;676,4000;727,5000;1680,4000;348,0000;841,6000;2406,5000;1089,7000;896,3000;3176,1001;1027,3000;1132,2000;3130,3000;676,4000;976,6000;802,4000;502,9000;1592,0000;833,4000;98,8000;1196,9000;2028,4000;920,2000;918,0000;3773,0000;628,5000;2198,5000;1411,3000;1608,6000;409,4000;284,5000;1184,3000;964,6000;618,5000;1125,8000;1565,7000;1516,8000;1262,5000;1297,3000;704,5000;1740,7000;638,8000;1637,3000;1278,2000;1615,9000;1126,3000;4224,7998;1100,7000;692,4000
32654,0000;306,1000;1778,7000;2050,6001;822,0000;1477,0000;1063,3000;1099,6000;1001,0000;883,3000;1283,2000;1074,0000;795,6000;1104,1000;1409,4000;1156,2000;1355,1000;3782,1001;1023,6000;1217,3000;1045,8000;907,7000;499,3000;2354,7000;1931,5000;136,3000;526,9000;1802,8000;1523,5000;1493,1000;893,5000;634,5000;1372,7000;1130,2000;597,3000;693,1000;1179,8000;519,0000;1155,3000;679,2000;727,5000;1711,9000;360,6000;844,9000;2363,5000;1072,4000;911,0000;3088,6001;1040,9000;1139,8000;3171,3999;680,7000;979,5000;806,5000;520,5000;1609,6000;820,6000;99,0000;1207,6000;2069,6001;927,1000;932,4000;3743,7000;622,3000;2198,5000;1411,3000;1608,6000;411,8000;282,6000;1177,6000;971,5000;627,4000;1118,5000;1545,4000;1504,5000;1238,2000;1297,3000;704,5000;1749,3000;635,0000;1651,5000;1284,6000;1615,9000;1126,3000;4177,6001;1118,3000;697,7000
32657,0000;306,1000;1778,7000;2061,6001;822,0000;1450,3000;1046,7000;1085,5000;1007,3000;883,3000;1290,4000;1081,7000;788,6000;1099,5000;1413,7000;1156,2000;1337,8000;3770,0000;1133,1000;1232,9000;1038,9000;907,7000;496,8000;2376,5000;1958,2000;142,2000;526,9000;1773,0000;1514,6000;1464,7000;884,5000;643,9000;1372,7000;1134,3000;590,1000;689,7000;1188,3000;519,0000;1145,6000;681,9000;733,8000;1699,3000;360,6000;838,4000;2320,5000;1072,4000;901,2000;3117,8000;1040,9000;1130,9000;3198,8999;676,4000;976,6000;798,3000;523,0000;1583,2000;814,2000;94,8000;1218,3000;2036,6000;930,5000;924,7000;3632,6001;628,5000;2198,5000;1431,7000;1616,8000;411,8000;278,8000;1194,4000;966,5000;622,9000;1118,5000;1525,2000;1504,5000;1240,7000;1291,6000;701,1000;1734,9000;633,1000;1623,0000;1271,8000;1639,5000;1118,1000;4142,2002;1100,7000;703,1000
32658,0000;301,6000;1791,7000;2050,6001;816,1000;1457,0000;1055,0000;1090,2000;1004,2000;872,7000;1276,0000;1074,0000;816,8000;1099,5000;1409,4000;1156,2000;1314,8000;3794,3000;1139,5000;1248,6000;1038,9000;902,3000;491,9000;2343,8000;1958,2000;148,1000;526,9000;1739,5000;1505,7000;1450,5000;875,5000;634,5000;1370,0000;1109,9000;582,9000;679,7000;1228,0000;515,7000;1135,9000;676,4000;727,5000;1686,7000;357,5000;835,1000;2329,1001;1060,8000;906,1000;3205,2000;1020,5000;1128,4000;3157,7000;672,1000;970,8000;790,1000;510,4000;1574,4000;827,0000;94,5000;1218,3000;2011,9000;913,3000;916,0000;3626,7000;625,4000;2198,5000;1421,5000;1583,7000;409,4000;278,8000;1207,9000;961,6000;609,6000;1118,5000;1531,9000;1498,4000;1238,2000;1308,9000;701,1000;1732,0000;621,7000;1594,5000;1271,8000;1627,7000;1113,9000;4154,0000;1083,0000;697,7000
32659,0000;306,1000;1798,2000;2039,5000;828,0000;1470,3000;1038,4000;1104,3000;1007,3000;878,0000;1304,8000;1097,0000;844,9000;1104,1000;1413,7000;1140,3000;1337,8000;3927,8000;1155,6000;1317,7000;1059,4000;929,6000;494,4000;2371,0000;1947,5000;146,4000;529,5000;1735,7000;1514,6000;1478,9000;875,5000;639,2000;1410,3000;1134,3000;599,7000;703,1000;1216,0000;509,0000;1174,7000;670,8000;727,5000;1711,9000;354,3000;818,6000;2389,3000;1083,9000;916,0000;3263,5000;1020,5000;1129,7000;3226,3999;672,1000;970,8000;786,0000;497,8000;1581,4000;839,9000;93,2000;1218,3000;2044,9000;906,4000;931,4000;3656,0000;644,0000;2198,5000;1462,4000;1583,7000;409,4000;290,1000;1207,9000;951,7000;609,6000;1140,3000;1565,7000;1486,2000;1277,1000;1314,7000;701,1000;1711,8000;650,2000;1580,3000;1271,8000;1698,4000;1130,5000;4224,7998;1106,6000;697,7000
32660,0000;317,5000;1772,2000;2028,4000;822,0000;1457,0000;1013,5000;1076,1000;1004,2000;878,0000;1362,5000;1097,0000;823,8000;1108,7000;1401,0000;1119,1000;1337,8000;3976,3999;1136,3000;1333,3000;1086,8000;924,1000;509,1000;2333,0000;1990,1000;140,5000;540,1000;1694,8000;1550,2000;1422,0000;880,0000;625,1000;1423,7000;1130,2000;609,4000;699,8000;1203,9000;499,0000;1184,4000;654,2000;740,1000;1648,9000;344,8000;792,3000;2415,1001;1106,9000;886,4000;3292,6001;1013,7000;1103,2000;3198,8999;710,9000;964,9000;740,7000;506,6000;1530,4000;839,9000;98,0000;1218,3000;1978,9000;896,1000;943,9000;3656,0000;644,0000;2188,8999;1503,3000;1542,2000;409,4000;292,0000;1207,9000;948,7000;596,2000;1147,6000;1545,4000;1449,5000;1311,1000;1303,1000;687,3000;1714,7000;646,4000;1537,6000;1271,8000;1733,8000;1147,0000;4154,0000;1083,0000;681,6000
32661,0000;318,1000;1752,6000;2028,4000;822,0000;1470,3000;980,3000;1071,4000;1007,3000;862,0000;1362,5000;1127,7000;809,7000;1099,5000;1405,2000;1124,4000;1355,1000;3897,5000;1133,1000;1298,8000;1086,8000;924,1000;499,3000;2371,0000;2038,0000;142,2000;542,7000;1694,8000;1541,3000;1380,8000;866,6000;611,0000;1413,0000;1134,3000;599,7000;699,8000;1203,9000;482,4000;1165,0000;657,0000;733,8000;1680,4000;338,5000;789,0000;2354,8999;1083,9000;876,6000;3409,2000;1006,9000;1091,8000;3267,6001;710,9000;967,8000;703,7000;489,0000;1512,8000;833,4000;96,9000;1213,0000;1970,6000;889,2000;946,8000;3872,3999;625,4000;2201,7000;1493,1000;1484,2000;407,1000;295,8000;1194,4000;921,9000;569,5000;1125,8000;1484,7000;1437,2000;1306,2000;1291,6000;694,2000;1700,3000;644,5000;1537,6000;1258,9000;1722,0000;1134,6000;4118,6001;1094,8000;670,9000
32664,0000;320,7000;1746,1000;2028,4000;822,0000;1457,0000;963,7000;1057,3000;1007,3000;856,7000;1340,8000;1120,0000;823,8000;1099,5000;1413,7000;1097,9000;1337,8000;3873,2000;1110,5000;1261,2000;1073,1000;902,3000;489,5000;2376,5000;2048,6001;140,5000;540,1000;1691,0000;1514,6000;1366,6000;875,5000;592,2000;1429,1000;1142,4000;587,7000;693,1000;1181,1000;485,7000;1135,9000;657,0000;733,8000;1655,2000;329,0000;792,3000;2354,8999;1089,7000;861,8000;3496,6001;986,5000;1090,5000;3226,3999;685,0000;959,1000;707,8000;491,5000;1507,5000;820,6000;95,6000;1218,3000;1921,2000;882,3000;917,9000;3942,6001;619,2000;2198,5000;1441,9000;1459,3000;402,3000;294,3000;1184,3000;918,0000;569,5000;1111,3000;1450,9000;1425,0000;1284,4000;1303,1000;694,2000;1677,3000;640,7000;1537,6000;1239,7000;1698,4000;1109,8000;4118,6001;1071,3000;687,0000
32665,0000;320,7000;1752,6000;2017,3000;822,0000;1436,9000;963,7000;1090,2000;1004,2000;862,0000;1319,2000;1097,0000;802,7000;1090,2000;1401,0000;1108,5000;1332,1000;3812,5000;1123,4000;1254,9000;1045,8000;880,4000;482,1000;2354,7000;2022,0000;143,9000;540,1000;1713,4000;1514,6000;1379,4000;875,5000;582,8000;1423,7000;1122,1000;582,9000;679,7000;1169,0000;472,4000;1116,5000;670,8000;727,5000;1636,4000;322,7000;802,2000;2320,5000;1078,1000;871,6000;3409,2000;993,3000;1081,7000;3185,2000;693,6000;944,4000;720,1000;490,3000;1528,7000;807,8000;94,2000;1218,3000;1995,4000;872,0000;910,2000;3971,8000;612,9000;2172,8000;1431,7000;1509,1000;404,7000;293,9000;1184,3000;920,0000;574,0000;1111,3000;1484,7000;1437,2000;1252,8000;1297,3000;690,8000;1683,0000;638,8000;1551,8000;1239,7000;1686,7000;1101,5000;4154,0000;1083,0000;687,0000
32666,0000;311,1000;1746,1000;1995,1000;816,1000;1436,9000;963,7000;1090,2000;1004,2000;872,7000;1297,6000;1081,7000;809,7000;1090,2000;1409,4000;1140,3000;1337,8000;3733,6001;1110,5000;1267,5000;1025,3000;874,9000;469,8000;2338,3999;2048,6001;140,5000;537,4000;1705,9000;1532,4000;1436,3000;875,5000;587,5000;1404,9000;1138,3000;575,6000;693,1000;1175,0000;469,1000;1116,5000;668,1000;733,8000;1648,9000;322,7000;802,2000;2337,7000;1060,8000;886,4000;3438,3000;986,5000;1110,7000;3157,7000;689,3000;944,4000;716,0000;490,3000;1528,7000;801,4000;94,0000;1218,3000;2020,1000;872,0000;904,4000;3919,2000;622,3000;2188,8999;1421,5000;1484,2000;409,4000;290,1000;1177,6000;926,9000;574,0000;1104,0000;1491,4000;1443,4000;1238,2000;1291,6000;680,4000;1688,8000;633,1000;1566,1000;1265,3000;1651,3000;1097,4000;4165,7998;1100,7000;681,6000
32667,0000;304,2000;1778,7000;2028,4000;822,0000;1436,9000;996,9000;1085,5000;1001,0000;862,0000;1283,2000;1089,4000;795,6000;1076,4000;1409,4000;1150,9000;1360,9000;3788,2000;1113,8000;1261,2000;1032,1000;880,4000;477,2000;2343,8000;2069,8999;142,2000;548,0000;1739,5000;1523,5000;1417,8000;875,5000;596,9000;1396,8000;1122,1000;580,5000;686,4000;1179,8000;479,1000;1135,9000;670,8000;740,1000;1686,7000;329,0000;825,2000;2363,5000;1055,1000;906,1000;3613,1001;1000,1000;1113,2000;3130,3000;697,9000;950,3000;724,2000;484,0000;1556,8000;801,4000;90,8000;1218,3000;2003,6000;878,8000;915,0000;3884,1001;628,5000;2182,5000;1421,5000;1484,2000;404,7000;288,3000;1177,6000;941,8000;587,3000;1111,3000;1531,9000;1431,1000;1245,5000;1291,6000;694,2000;1714,7000;621,7000;1608,8000;1252,5000;1663,1000;1118,1000;4177,6001;1094,8000;708,5000
32668,0000;304,2000;1765,7000;2050,6001;822,0000;1430,2000;996,9000;1109,0000;1010,5000;862,0000;1290,4000;1081,7000;788,6000;1076,4000;1401,0000;1166,8000;1378,2000;3824,6001;1120,2000;1245,5000;1025,3000;874,9000;477,2000;2349,3000;2096,5000;138,0000;529,5000;1743,2000;1523,5000;1419,2000;857,6000;592,2000;1383,4000;1126,1000;578,0000;686,4000;1185,9000;482,4000;1126,2000;662,5000;752,8000;1667,8000;325,8000;821,9000;2329,1001;1049,3000;896,3000;3642,3000;1006,9000;1096,8000;3130,3000;689,3000;950,3000;711,9000;480,2000;1563,8000;801,4000;91,3000;1223,6000;2011,9000;909,9000;916,0000;3872,3999;619,2000;2195,3000;1411,3000;1467,6000;407,1000;289,0000;1184,3000;946,7000;587,3000;1111,3000;1579,2000;1431,1000;1262,5000;1303,1000;697,6000;1723,4000;612,2000;1594,5000;1239,7000;1663,1000;1109,8000;4177,6001;1083,0000;708,5000
32671,0000;308,0000;1772,2000;2006,2000;816,1000;1416,9000;980,3000;1132,5000;1001,0000;872,7000;1319,2000;1104,7000;774,5000;1081,0000;1405,2000;1150,9000;1389,7000;3921,8000;1110,5000;1283,1000;1025,3000;864,0000;479,6000;2365,6001;2059,3000;135,5000;545,3000;1698,5000;1514,6000;1370,8000;853,1000;587,5000;1423,7000;1130,2000;578,0000;676,3000;1193,1000;472,4000;1116,5000;659,7000;733,8000;1661,5000;322,7000;805,5000;2320,5000;1066,6000;871,6000;3642,3000;993,3000;1072,9000;3089,1001;680,7000;935,7000;703,7000;484,0000;1532,2000;814,2000;89,4000;1218,3000;2003,6000;903,0000;908,3000;3930,8999;606,7000;2214,6001;1431,7000;1459,3000;407,1000;299,2000;1167,5000;936,8000;574,0000;1089,5000;1565,7000;1425,0000;1335,4000;1291,6000;694,2000;1691,7000;625,5000;1580,3000;1233,2000;1651,3000;1101,5000;4130,3999;1071,3000;687,0000
32672,0000;304,2000;1778,7000;2039,5000;822,0000;1390,1000;980,3000;1109,0000;997,8000;872,7000;1319,2000;1097,0000;753,4000;1085,6000;1405,2000;1140,3000;1366,7000;3848,8999;1117,0000;1270,6000;1025,3000;864,0000;477,2000;2360,2000;2011,4000;133,8000;532,2000;1676,1000;1514,6000;1343,8000;853,1000;573,4000;1375,3000;1118,0000;573,2000;669,6000;1169,0000;469,1000;1106,8000;651,4000;721,1000;1655,2000;316,3000;802,2000;2303,3000;1078,1000;871,6000;3467,3999;952,5000;1066,5000;3102,8000;672,1000;918,1000;699,5000;507,9000;1461,8000;833,4000;94,0000;1218,3000;2003,6000;906,4000;900,6000;3849,0000;603,6000;2204,8999;1421,5000;1484,2000;404,7000;295,8000;1170,9000;933,8000;578,4000;1082,2000;1525,2000;1431,1000;1359,6000;1303,1000;694,2000;1674,4000;631,2000;1509,1000;1220,4000;1627,7000;1101,5000;4165,7998;1053,6000;676,3000
32673,0000;301,6000;1785,2000;2028,4000;822,0000;1383,5000;980,3000;1132,5000;1004,2000;909,9000;1362,5000;1089,4000;760,4000;1076,4000;1401,0000;1124,4000;1366,7000;3848,8999;1120,2000;1264,3000;1025,3000;874,9000;479,6000;2365,6001;2059,3000;133,8000;532,2000;1691,0000;1505,7000;1352,4000;848,6000;592,2000;1423,7000;1118,0000;578,0000;649,5000;1179,8000;465,8000;1106,8000;651,4000;727,5000;1693,0000;313,2000;795,6000;2337,7000;1078,1000;856,9000;3467,3999;945,7000;1052,7000;3102,8000;676,4000;924,0000;711,9000;479,0000;1470,6000;833,4000;90,0000;1229,0000;1978,9000;923,7000;905,4000;3837,3000;591,2000;2208,1001;1421,5000;1475,9000;409,4000;290,9000;1177,6000;941,8000;578,4000;1089,5000;1558,9000;1431,1000;1393,6000;1303,1000;687,3000;1683,0000;625,5000;1523,4000;1220,4000;1627,7000;1122,2000;4201,2002;1059,5000;681,6000
32674,0000;301,6000;1778,7000;2039,5000;816,1000;1390,1000;963,7000;1141,9000;981,9000;872,7000;1369,7000;1089,4000;767,5000;1057,9000;1388,3000;1103,2000;1412,8000;3794,3000;1094,4000;1254,9000;1025,3000;869,5000;479,6000;2360,2000;2038,0000;133,8000;516,4000;1661,2000;1479,0000;1294,1000;848,6000;578,1000;1431,8000;1109,9000;573,2000;652,9000;1149,8000;455,8000;1097,1000;620,9000;708,5000;1655,2000;310,3000;772,6000;2346,3000;1083,9000;827,3000;3467,3999;904,9000;1009,7000;3020,3999;667,8000;900,6000;699,5000;477,7000;1460,1000;827,0000;92,1000;1218,3000;1970,6000;913,3000;882,3000;3778,8000;584,9000;2172,8000;1431,7000;1484,2000;409,4000;290,5000;1157,4000;929,9000;569,5000;1053,2000;1545,4000;1418,9000;1376,6000;1285,8000;687,3000;1642,7000;623,6000;1523,4000;1207,5000;1615,9000;1101,5000;4165,7998;1030,1000;681,6000
32675,0000;296,5000;1778,7000;2028,4000;816,1000;1390,1000;980,3000;1127,8000;991,4000;862,0000;1391,3000;1058,7000;774,5000;1057,9000;1371,5000;1124,4000;1435,9000;3733,6001;1100,9000;1267,5000;1018,4000;869,5000;482,1000;2343,8000;2085,8999;133,8000;529,5000;1646,3000;1505,7000;1294,1000;853,1000;587,5000;1426,4000;1109,9000;573,2000;652,9000;1144,9000;449,1000;1077,6000;618,2000;702,2000;1680,4000;314,5000;782,5000;2415,1001;1066,6000;856,9000;3350,8999;898,1000;1016,1000;2965,5000;659,2000;894,7000;683,1000;484,0000;1440,7000;814,2000;89,4000;1229,0000;1970,6000;927,1000;881,3000;3714,5000;591,2000;2198,5000;1421,5000;1484,2000;409,4000;286,8000;1174,2000;913,0000;565,1000;1038,6000;1552,2000;1431,1000;1396,1000;1297,3000;687,3000;1642,7000;623,6000;1537,6000;1214,0000;1580,5000;1105,6000;4130,3999;1035,9000;687,0000
32678,0000;301,6000;1739,6000;2006,2000;810,1000;1376,8000;980,3000;1132,5000;981,9000;878,0000;1434,6000;1089,4000;788,6000;1039,4000;1354,6000;1113,8000;1487,8000;3885,3000;1081,6000;1295,7000;1052,6000;885,9000;482,1000;2338,3999;2080,5000;133,8000;524,3000;1635,2000;1487,9000;1279,8000;826,2000;587,5000;1472,1000;1093,6000;582,9000;659,6000;1167,8000;452,5000;1106,8000;618,2000;727,5000;1661,5000;315,7000;772,6000;2509,6001;1101,2000;837,2000;3409,2000;884,5000;1017,3000;2951,8000;672,1000;900,6000;674,8000;482,7000;1433,7000;839,9000;90,2000;1213,0000;1978,9000;927,1000;883,2000;3895,8000;591,2000;2182,5000;1462,4000;1467,6000;402,3000;291,3000;1160,8000;912,0000;574,0000;1053,2000;1552,2000;1412,8000;1398,5000;1291,6000;673,6000;1634,0000;638,8000;1509,1000;1194,7000;1615,9000;1130,5000;4165,7998;1053,6000;681,6000
32679,0000;304,8000;1694,0000;1995,1000;810,1000;1370,1000;972,0000;1127,8000;981,9000;883,3000;1412,9000;1097,0000;823,8000;1034,8000;1358,8000;1113,8000;1476,2000;3915,7000;1081,6000;1323,9000;1066,3000;880,4000;484,5000;2354,7000;2064,6001;139,7000;524,3000;1653,8000;1470,1000;1301,2000;826,2000;587,5000;1472,1000;1101,8000;590,1000;662,9000;1155,8000;465,8000;1155,3000;618,2000;746,4000;1636,4000;319,5000;772,6000;2535,3999;1124,2000;837,2000;3438,3000;911,7000;1040,0000;2924,3000;685,0000;906,4000;674,8000;502,9000;1454,8000;839,9000;95,0000;1218,3000;1970,6000;913,3000;895,8000;3802,2000;606,7000;2137,5000;1534,0000;1492,5000;404,7000;292,8000;1143,9000;915,0000;574,0000;1075,0000;1585,9000;1418,9000;1393,6000;1291,6000;680,4000;1648,4000;684,4000;1523,4000;1214,0000;1663,1000;1126,3000;4201,2002;1047,7000;676,3000
32680,0000;323,8000;1726,6000;2006,2000;816,1000;1390,1000;972,0000;1113,7000;985,1000;893,9000;1405,7000;1120,0000;830,9000;1053,3000;1388,3000;1124,4000;1470,5000;3903,6001;1084,8000;1295,7000;1066,3000;896,8000;477,2000;2333,0000;2080,5000;146,4000;540,1000;1665,0000;1487,9000;1321,1000;826,2000;596,9000;1472,1000;1101,8000;590,1000;652,9000;1138,9000;485,7000;1165,0000;634,8000;759,1000;1630,1000;329,0000;779,2000;2492,3999;1141,5000;856,9000;3525,7000;918,5000;1053,9000;3006,7000;685,0000;921,0000;687,2000;489,0000;1451,3000;839,9000;95,6000;1207,6000;2003,6000;923,7000;895,8000;3860,7000;609,8000;2121,5000;1534,0000;1509,1000;399,9000;293,5000;1143,9000;917,0000;574,0000;1075,0000;1606,2000;1418,9000;1391,2000;1303,1000;687,3000;1660,0000;690,1000;1537,6000;1252,5000;1663,1000;1126,3000;4189,3999;1035,9000;703,1000
32681,0000;317,5000;1720,1000;1995,1000;816,1000;1403,5000;988,6000;1113,7000;1001,0000;893,9000;1412,9000;1120,0000;809,7000;1044,0000;1388,3000;1135,0000;1441,6000;3885,3000;1091,2000;1283,1000;1059,4000;891,3000;472,2000;2349,3000;2043,3000;143,0000;532,2000;1657,5000;1496,8000;1321,1000;830,6000;582,8000;1461,3000;1114,0000;582,9000;652,9000;1131,7000;495,7000;1155,3000;648,7000;771,7000;1648,9000;335,3000;789,0000;2492,3999;1124,2000;851,9000;3525,7000;932,1000;1047,6000;3006,7000;689,3000;935,7000;683,1000;502,9000;1477,6000;827,0000;95,0000;1196,9000;2003,6000;940,9000;887,1000;3977,7000;597,4000;2095,8000;1513,5000;1517,4000;409,4000;292,0000;1154,0000;917,0000;582,9000;1075,0000;1606,2000;1418,9000;1371,8000;1303,1000;687,3000;1671,5000;682,5000;1537,6000;1258,9000;1639,5000;1126,3000;4165,7998;1047,7000;697,7000
32682,0000;316,9000;1726,6000;2006,2000;816,1000;1423,6000;1013,5000;1118,4000;997,8000;893,9000;1441,8000;1104,7000;823,8000;1044,0000;1388,3000;1135,0000;1447,4000;3855,0000;1097,7000;1292,6000;1052,6000;885,9000;474,7000;2343,8000;2048,6001;140,5000;529,5000;1691,0000;1496,8000;1336,7000;839,6000;601,6000;1461,3000;1126,1000;578,0000;649,5000;1131,7000;499,0000;1174,7000;662,5000;790,7000;1630,1000;332,2000;818,6000;2432,2000;1112,7000;861,8000;3467,3999;959,3000;1059,0000;3116,5000;685,0000;947,4000;699,5000;514,2000;1477,6000;820,6000;93,4000;1202,3000;2028,4000;954,7000;881,3000;4123,8999;603,6000;2118,3000;1493,1000;1509,1000;409,4000;293,9000;1154,0000;922,9000;596,2000;1075,0000;1592,7000;1431,1000;1359,6000;1297,3000;690,8000;1700,3000;671,1000;1551,8000;1252,5000;1639,5000;1122,2000;4154,0000;1041,8000;708,5000
32685,0000;315,6000;1707,0000;2017,3000;816,1000;1443,6000;1013,5000;1118,4000;1004,2000;878,0000;1441,8000;1104,7000;809,7000;1071,8000;1396,8000;1135,0000;1441,6000;3848,8999;1094,4000;1283,1000;1052,6000;880,4000;469,8000;2343,8000;2059,3000;142,2000;532,2000;1694,8000;1541,3000;1335,3000;853,1000;611,0000;1450,6000;1114,0000;575,6000;652,9000;1131,7000;495,7000;1174,7000;679,2000;765,4000;1630,1000;335,3000;821,9000;2380,7000;1118,5000;856,9000;3438,3000;972,9000;1060,2000;3130,3000;680,7000;932,7000;699,5000;515,4000;1502,3000;827,0000;92,4000;1213,0000;2003,6000;944,3000;876,5000;4153,2002;612,9000;2105,3999;1472,6000;1484,2000;411,8000;289,4000;1157,4000;920,9000;600,7000;1082,2000;1612,9000;1425,0000;1328,1000;1291,6000;694,2000;1714,7000;665,4000;1566,1000;1258,9000;1651,3000;1113,9000;4106,7998;1047,7000;719,2000
32686,0000;308,6000;1720,1000;1995,1000;816,1000;1432,2000;1005,2000;1125,3000;997,8000;886,5000;1471,5000;1097,0000;788,6000;1053,3000;1392,6000;1135,0000;1439,6000;3794,3000;1091,2000;1258,0000;1045,8000;869,5000;477,2000;2360,2000;2038,0000;143,9000;524,3000;1668,7000;1514,6000;1308,3000;845,8000;606,3000;1450,6000;1105,8000;570,8000;652,9000;1125,7000;495,7000;1145,6000;665,3000;765,4000;1636,4000;332,2000;812,0000;2389,3000;1101,2000;871,6000;3729,7000;959,3000;1035,0000;3047,8999;672,1000;924,0000;691,3000;505,4000;1498,8000;814,2000;88,1000;1218,3000;2003,6000;951,2000;895,8000;4182,3999;609,8000;2118,3000;1482,8000;1484,2000;414,2000;286,4000;1150,7000;916,0000;582,9000;1096,8000;1606,2000;1406,7000;1337,8000;1297,3000;683,9000;1685,9000;648,3000;1523,4000;1265,3000;1639,5000;1121,1000;4130,3999;1035,9000;713,8000
32687,0000;309,9000;1739,6000;1995,1000;822,0000;1432,2000;988,6000;1115,8000;997,8000;881,1000;1455,6000;1081,7000;795,6000;1048,7000;1405,2000;1135,0000;1416,5000;3818,6001;1091,2000;1258,0000;1032,1000;864,0000;469,8000;2360,2000;2032,6000;142,2000;521,6000;1631,4000;1487,9000;1286,9000;836,8000;587,5000;1464,0000;1101,8000;566,0000;656,2000;1113,6000;499,0000;1126,2000;662,5000;746,4000;1648,9000;322,7000;798,9000;2329,1001;1089,7000;866,7000;3875,3999;938,9000;1021,1000;3130,3000;659,2000;924,0000;679,0000;499,1000;1477,6000;814,2000;91,3000;1191,6000;1995,4000;958,1000;885,2000;4299,3999;591,2000;2102,2000;1482,8000;1459,3000;414,2000;284,1000;1160,8000;896,1000;591,8000;1082,2000;1626,4000;1400,6000;1352,4000;1303,1000;683,9000;1657,1000;655,9000;1494,9000;1258,9000;1615,9000;1112,4000;4165,7998;1047,7000;708,5000
32688,0000;330,2000;1726,6000;1961,9000;810,1000;1405,5000;980,3000;1097,0000;978,7000;870,5000;1447,7000;1097,0000;788,6000;1044,0000;1401,0000;1108,5000;1410,7000;3873,2000;1091,2000;1302,0000;1032,1000;853,1000;467,3000;2349,3000;2022,0000;148,9000;513,7000;1631,4000;1487,9000;1265,6000;823,3000;587,5000;1563,4000;1109,9000;566,0000;652,9000;1111,2000;492,4000;1106,8000;651,4000;740,1000;1598,6000;322,7000;782,5000;2483,8000;1083,9000;837,2000;3729,7000;911,7000;1011,0000;3130,3000;654,9000;915,2000;683,1000;520,5000;1442,5000;827,0000;97,2000;1213,0000;2020,1000;944,3000;867,8000;4357,8999;591,2000;2150,3999;1472,6000;1426,1000;419,0000;288,3000;1147,3000;898,1000;578,4000;1075,0000;1673,7000;1418,9000;1408,2000;1274,2000;687,3000;1639,8000;718,6000;1509,1000;1239,7000;1592,3000;1103,7000;4236,6001;1035,9000;697,7000
32689,0000;336,5000;1759,1000;1950,8000;816,1000;1432,2000;988,6000;1092,3000;985,1000;881,1000;1423,8000;1104,7000;767,5000;1039,4000;1392,6000;1113,8000;1428,1000;3855,0000;1094,4000;1286,3000;1045,8000;842,1000;464,9000;2365,6001;2048,6001;151,4000;508,5000;1638,9000;1487,9000;1279,8000;832,3000;573,4000;1587,6000;1093,6000;561,2000;646,2000;1119,7000;479,1000;1106,8000;637,6000;740,1000;1592,3000;316,3000;782,5000;2423,7000;1112,7000;861,8000;3788,0000;911,7000;1009,7000;3130,3000;654,9000;921,0000;674,8000;519,2000;1460,1000;820,6000;98,8000;1202,3000;2020,1000;937,4000;862,1000;4287,7002;597,4000;2172,8000;1462,4000;1475,9000;419,0000;288,3000;1143,9000;890,1000;569,5000;1045,9000;1687,2000;1431,1000;1413,1000;1303,1000;677,0000;1634,0000;720,5000;1509,1000;1271,8000;1592,3000;1103,7000;4342,7998;1041,8000;697,7000
32692,0000;342,9000;1752,6000;1950,8000;816,1000;1425,5000;972,0000;1092,3000;978,7000;875,8000;1447,7000;1112,4000;802,7000;1025,6000;1405,2000;1108,5000;1422,3000;3891,3999;1088,0000;1298,8000;1059,4000;858,5000;474,7000;2392,8000;2048,6001;148,9000;511,1000;1657,5000;1514,6000;1308,3000;841,3000;582,8000;1660,1000;1118,0000;568,4000;646,2000;1119,7000;482,4000;1106,8000;626,5000;752,8000;1623,8000;322,7000;772,6000;2535,3999;1124,2000;861,8000;3788,0000;918,5000;1032,5000;3130,3000;667,8000;912,3000;674,8000;512,9000;1495,2000;827,0000;101,2000;1207,6000;2044,9000;923,7000;876,5000;4229,2002;600,5000;2182,5000;1472,6000;1467,6000;428,5000;288,6000;1143,9000;900,1000;574,0000;1089,5000;1693,9000;1461,7000;1415,5000;1308,9000;687,3000;1645,6000;724,3000;1523,4000;1246,1000;1615,9000;1108,1000;4366,3999;1053,6000;703,1000
32693,0000;346,1000;1733,1000;1984,1000;816,1000;1418,9000;980,3000;1092,3000;978,7000;875,8000;1455,6000;1112,4000;781,6000;1044,0000;1392,6000;1119,1000;1445,4000;4097,7998;1097,7000;1333,3000;1120,9000;885,9000;494,4000;2371,0000;2101,8000;153,1000;526,9000;1624,0000;1532,4000;1272,7000;832,3000;587,5000;1652,0000;1130,2000;592,5000;662,9000;1125,7000;479,1000;1145,6000;629,3000;740,1000;1617,5000;322,7000;775,9000;2638,5000;1158,8000;837,2000;3875,3999;918,5000;1009,7000;3212,6001;680,7000;909,3000;674,8000;528,0000;1474,1000;833,4000;102,0000;1202,3000;2061,3000;903,0000;882,3000;4240,8999;591,2000;2188,8999;1523,7000;1434,4000;442,8000;296,9000;1150,7000;895,1000;578,4000;1089,5000;1714,1000;1486,2000;1481,0000;1303,1000;680,4000;1619,6000;739,5000;1509,1000;1252,5000;1639,5000;1121,1000;4472,6001;1035,9000;692,4000
32694,0000;336,5000;1733,1000;1984,1000;816,1000;1418,9000;988,6000;1106,4000;978,7000;875,8000;1455,6000;1135,4000;788,6000;1067,1000;1388,3000;1113,8000;1445,4000;4055,3000;1094,4000;1358,4000;1127,8000;902,3000;494,4000;2371,0000;2112,5000;153,9000;540,1000;1620,3000;1559,2000;1289,8000;841,3000;582,8000;1652,0000;1142,4000;587,7000;679,7000;1125,7000;489,1000;1165,0000;645,9000;778,1000;1579,7000;325,8000;792,3000;2621,3000;1170,4000;837,2000;3817,1001;945,7000;1022,4000;3212,6001;680,7000;909,3000;674,8000;534,3000;1468,8000;839,9000;100,1000;1196,9000;2020,1000;896,1000;877,5000;4194,1001;616,0000;2192,1001;1534,0000;1484,2000;449,9000;296,6000;1147,3000;895,1000;578,4000;1118,5000;1693,9000;1480,1000;1459,2000;1297,3000;687,3000;1619,6000;716,7000;1509,1000;1239,7000;1639,5000;1134,2000;4484,3999;1059,5000;697,7000
32695,0000;336,5000;1713,5000;2017,3000;816,1000;1418,9000;1013,5000;1101,7000;978,7000;870,5000;1455,6000;1120,0000;802,7000;1076,4000;1388,3000;1119,1000;1422,3000;4049,3000;1091,2000;1361,6000;1120,9000;902,3000;487,0000;2376,5000;2123,1001;153,9000;529,5000;1683,6000;1559,2000;1284,1000;850,3000;592,2000;1689,6000;1146,5000;587,7000;676,3000;1143,7000;485,7000;1155,3000;654,2000;771,7000;1604,9000;338,5000;798,9000;2604,1001;1158,8000;842,1000;3788,0000;959,3000;1033,7000;3185,2000;672,1000;903,5000;674,8000;540,6000;1479,4000;820,6000;98,8000;1196,9000;1995,4000;892,6000;885,2000;4170,7002;628,5000;2188,8999;1523,7000;1492,5000;445,2000;298,8000;1147,3000;897,1000;591,8000;1162,1000;1666,9000;1467,8000;1478,6000;1291,6000;687,3000;1697,4000;722,4000;1537,6000;1252,5000;1627,7000;1134,2000;4401,7998;1077,1000;719,2000
32696,0000;339,7000;1707,0000;1995,1000;816,1000;1452,3000;1021,8000;1111,1000;972,4000;881,1000;1471,5000;1112,4000;802,7000;1067,1000;1384,1000;1156,2000;1445,4000;4049,3000;1091,2000;1392,9000;1141,4000;902,3000;501,8000;2392,8000;2144,3999;153,9000;553,3000;1683,6000;1550,2000;1308,3000;877,3000;592,2000;1716,5000;1150,5000;592,5000;689,7000;1132,9000;495,7000;1184,4000;665,3000;790,7000;1617,5000;341,7000;808,8000;2621,3000;1164,6000;861,8000;3788,0000;966,1000;1060,2000;3157,7000;672,1000;929,8000;679,0000;534,3000;1474,1000;839,9000;100,1000;1207,6000;1995,4000;899,5000;891,0000;4129,7998;631,6000;2214,6001;1523,7000;1542,2000;445,2000;301,5000;1147,3000;905,0000;591,8000;1154,9000;1680,4000;1467,8000;1490,8000;1308,9000;701,1000;1694,5000;722,4000;1523,4000;1258,9000;1663,1000;1147,3000;4425,3999;1077,1000;729,9000
32699,0000;335,9000;1720,1000;1995,1000;822,0000;1445,6000;1030,1000;1101,7000;972,4000;870,5000;1455,6000;1112,4000;788,6000;1081,0000;1384,1000;1156,2000;1445,4000;4049,3000;1094,4000;1402,4000;1148,3000;896,8000;496,8000;2381,8999;2144,3999;152,2000;545,3000;1661,2000;1532,4000;1296,9000;863,8000;596,9000;1732,6000;1150,5000;585,3000;683,0000;1131,7000;492,4000;1155,3000;665,3000;797,0000;1630,1000;344,8000;821,9000;2621,3000;1153,1000;861,8000;3817,1001;959,3000;1060,2000;3226,3999;672,1000;935,7000;679,0000;553,2000;1491,7000;839,9000;99,0000;1223,6000;1987,1000;896,1000;886,1000;4094,7000;622,3000;2214,6001;1513,5000;1533,9000;447,5000;301,5000;1147,3000;908,0000;605,1000;1147,6000;1687,2000;1461,7000;1476,2000;1308,9000;704,5000;1648,4000;716,7000;1523,4000;1278,2000;1651,3000;1138,6000;4366,3999;1083,0000;729,9000
32700,0000;327,7000;1707,0000;2017,3000;833,9000;1445,6000;1005,2000;1101,7000;1001,0000;875,8000;1439,7000;1112,4000;781,6000;1067,1000;1405,2000;1177,4000;1428,1000;3982,5000;1107,3000;1367,8000;1120,9000;880,4000;499,3000;2485,2000;2091,2000;147,2000;555,9000;1691,0000;1550,2000;1322,5000;863,8000;596,9000;1711,1000;1158,7000;580,5000;686,4000;1131,7000;489,1000;1145,6000;673,6000;790,7000;1718,2000;338,5000;838,4000;2544,0000;1141,5000;881,5000;3729,7000;966,1000;1074,1000;3253,8000;672,1000;953,2000;695,4000;553,2000;1511,1000;833,4000;98,8000;1223,6000;1995,4000;923,7000;872,7000;4123,8999;640,9000;2195,3000;1503,3000;1500,8000;447,5000;295,8000;1164,1000;903,1000;600,7000;1147,6000;1673,7000;1449,5000;1454,3000;1308,9000;718,2000;1680,1000;712,9000;1523,4000;1258,9000;1639,5000;1134,2000;4342,7998;1077,1000;746,0000
32701,0000;325,7000;1713,5000;2006,2000;822,0000;1418,9000;1005,2000;1082,9000;1010,5000;859,8000;1431,8000;1097,0000;788,6000;1071,8000;1396,8000;1177,4000;1410,7000;3952,1001;1110,5000;1358,4000;1120,9000;880,4000;491,9000;2474,3999;2112,5000;148,9000;553,3000;1668,7000;1550,2000;1350,9000;859,3000;596,9000;1700,4000;1154,6000;578,0000;683,0000;1119,7000;495,7000;1135,9000;670,8000;803,4000;1686,7000;341,7000;838,4000;2509,6001;1141,5000;881,5000;3758,8000;966,1000;1098,1000;3198,8999;663,5000;959,1000;703,7000;543,1000;1512,8000;820,6000;98,8000;1223,6000;1995,4000;916,8000;876,5000;4112,2002;634,7000;2182,5000;1503,3000;1517,4000;442,8000;295,4000;1177,6000;911,0000;605,1000;1133,1000;1660,2000;1443,4000;1456,8000;1297,3000;704,5000;1671,5000;703,4000;1523,4000;1252,5000;1615,9000;1129,9000;4307,3999;1083,0000;746,0000
32702,0000;318,8000;1726,6000;1995,1000;822,0000;1418,9000;1005,2000;1092,3000;1026,4000;859,8000;1431,8000;1089,4000;774,5000;1057,9000;1405,2000;1188,0000;1393,4000;3909,6001;1129,8000;1345,9000;1120,9000;874,9000;479,6000;2528,7000;2101,8000;147,2000;555,9000;1665,0000;1523,5000;1345,3000;850,3000;587,5000;1670,8000;1150,5000;575,6000;696,4000;1119,7000;492,4000;1135,9000;673,6000;790,7000;1705,6000;338,5000;841,6000;2561,2000;1130,0000;876,6000;3729,7000;945,7000;1089,3000;3157,7000;654,9000;959,1000;699,5000;543,1000;1477,6000;814,2000;96,1000;1229,0000;1995,4000;930,5000;871,7000;4065,3999;634,7000;2160,0000;1493,1000;1492,5000;440,4000;293,9000;1197,8000;912,0000;605,1000;1147,6000;1646,7000;1431,1000;1447,0000;1303,1000;707,9000;1657,1000;699,6000;1523,4000;1246,1000;1604,1000;1121,1000;4248,3999;1071,3000;746,0000
32703,0000;319,4000;1707,0000;1984,1000;816,1000;1425,5000;1013,5000;1092,3000;1016,9000;865,1000;1423,8000;1081,7000;774,5000;1057,9000;1401,0000;1177,4000;1399,2000;3891,3999;1123,4000;1349,0000;1114,1000;880,4000;482,1000;2528,7000;2101,8000;146,4000;548,0000;1679,9000;1523,5000;1329,6000;850,3000;578,1000;1681,6000;1138,3000;575,6000;699,8000;1120,9000;495,7000;1126,2000;665,3000;784,4000;1693,0000;338,5000;828,5000;2561,2000;1130,0000;881,5000;3700,5000;945,7000;1086,7000;3157,7000;672,1000;941,5000;695,4000;543,1000;1479,4000;827,0000;95,0000;1207,6000;1987,1000;930,5000;875,5000;4141,5000;631,6000;2182,5000;1482,8000;1492,5000;438,0000;293,9000;1194,4000;914,0000;609,6000;1140,3000;1633,2000;1425,0000;1449,5000;1303,1000;711,4000;1671,5000;701,5000;1509,1000;1258,9000;1627,7000;1116,8000;4260,2002;1065,4000;729,9000
32706,0000;316,9000;1707,0000;1973,0000;816,1000;1425,5000;1005,2000;1092,3000;1016,9000;865,1000;1431,8000;1081,7000;788,6000;1057,9000;1384,1000;1188,0000;1404,9000;3885,3000;1123,4000;1339,6000;1114,1000;874,9000;477,2000;2523,3000;2144,3999;146,4000;561,2000;1646,3000;1505,7000;1322,5000;854,8000;578,1000;1684,3000;1138,3000;568,4000;703,1000;1119,7000;492,4000;1116,5000;662,5000;797,0000;1711,9000;344,8000;818,6000;2561,2000;1130,0000;866,7000;3700,5000;952,5000;1098,1000;3157,7000;659,2000;935,7000;691,3000;534,3000;1479,4000;820,6000;95,6000;1213,0000;2003,6000;923,7000;875,5000;4123,8999;628,5000;2166,3999;1493,1000;1509,1000;438,0000;293,9000;1194,4000;910,0000;600,7000;1140,3000;1653,4000;1425,0000;1454,3000;1303,1000;704,5000;1662,8000;693,9000;1509,1000;1252,5000;1604,1000;1108,1000;4236,6001;1065,4000;719,2000
32707,0000;318,8000;1726,6000;1984,1000;816,1000;1432,2000;988,6000;1092,3000;1029,6000;859,8000;1423,8000;1074,0000;774,5000;1053,3000;1392,6000;1177,4000;1381,8000;3891,3999;1120,2000;1339,6000;1100,4000;869,5000;477,2000;2501,6001;2117,8000;142,2000;545,3000;1638,9000;1505,7000;1296,9000;854,8000;578,1000;1676,2000;1130,2000;563,6000;696,4000;1111,2000;492,4000;1126,2000;665,3000;790,7000;1718,2000;341,7000;821,9000;2492,3999;1124,2000;856,9000;3613,1001;945,7000;1090,5000;3130,3000;659,2000;918,1000;683,1000;538,1000;1474,1000;814,2000;95,6000;1207,6000;2028,4000;930,5000;860,1000;4211,7002;628,5000;2172,8000;1482,8000;1484,2000;438,0000;293,2000;1181,0000;901,1000;605,1000;1118,5000;1626,4000;1425,0000;1449,5000;1297,3000;701,1000;1665,7000;697,7000;1494,9000;1258,9000;1592,3000;1108,1000;4189,3999;1077,1000;724,6000
32708,0000;323,2000;1726,6000;1973,0000;822,0000;1405,5000;1005,2000;1101,7000;1016,9000;870,5000;1439,7000;1089,4000;774,5000;1053,3000;1392,6000;1177,4000;1381,8000;3994,6001;1123,4000;1361,6000;1107,3000;874,9000;477,2000;2517,8999;2117,8000;145,5000;561,2000;1653,8000;1514,6000;1299,7000;845,8000;601,6000;1713,8000;1114,0000;561,2000;713,2000;1113,6000;492,4000;1145,6000;662,5000;790,7000;1724,5000;341,7000;841,6000;2578,3999;1130,0000;847,0000;3729,7000;959,3000;1084,2000;3130,3000;659,2000;926,9000;691,3000;535,6000;1486,4000;827,0000;96,4000;1207,6000;1995,4000;934,0000;855,3000;4281,8999;647,2000;2179,3000;1493,1000;1517,4000;428,5000;295,8000;1177,6000;905,0000;609,6000;1140,3000;1639,9000;1412,8000;1454,3000;1297,3000;701,1000;1660,0000;709,1000;1509,1000;1252,5000;1627,7000;1108,1000;4248,3999;1077,1000;724,6000
32709,0000;333,4000;1707,0000;1984,1000;816,1000;1425,5000;1038,4000;1125,3000;1010,5000;881,1000;1431,8000;1081,7000;781,6000;1057,9000;1396,8000;1161,5000;1410,7000;4128,2002;1123,4000;1377,3000;1114,1000;869,5000;482,1000;2523,3000;2133,7000;143,0000;569,1000;1668,7000;1550,2000;1286,9000;845,8000;596,9000;1751,4000;1134,3000;568,4000;716,5000;1119,7000;499,0000;1135,9000;659,7000;784,4000;1686,7000;348,0000;835,1000;2569,8000;1130,0000;856,9000;3700,5000;959,3000;1065,3000;3157,7000;663,5000;929,8000;695,4000;540,6000;1504,0000;820,6000;98,2000;1207,6000;2053,1001;930,5000;858,2000;4281,8999;656,5000;2166,3999;1503,3000;1542,2000;428,5000;301,5000;1187,7000;908,0000;614,0000;1147,6000;1673,7000;1443,4000;1483,5000;1297,3000;704,5000;1685,9000;716,7000;1494,9000;1252,5000;1615,9000;1108,1000;4366,3999;1071,3000;740,7000
32710,0000;331,5000;1720,1000;1984,1000;822,0000;1445,6000;1055,0000;1125,3000;1035,9000;891,8000;1455,6000;1081,7000;795,6000;1085,6000;1413,7000;1182,7000;1439,6000;4170,7002;1136,3000;1380,4000;1120,9000;885,9000;489,5000;2583,1001;2192,3000;152,2000;587,5000;1694,8000;1550,2000;1318,2000;859,3000;592,2000;1781,0000;1170,9000;578,0000;719,9000;1119,7000;502,4000;1155,3000;662,5000;797,0000;1737,1000;348,0000;841,6000;2535,3999;1147,3000;876,6000;3700,5000;966,1000;1090,5000;3157,7000;663,5000;941,5000;707,8000;564,5000;1488,2000;814,2000;96,9000;1213,0000;2036,6000;944,3000;876,5000;4240,8999;656,5000;2182,5000;1534,0000;1533,9000;433,3000;301,5000;1204,5000;909,0000;618,5000;1154,9000;1680,4000;1437,2000;1488,3000;1314,7000;714,8000;1700,3000;712,9000;1537,6000;1246,1000;1651,3000;1112,4000;4390,0000;1083,0000;762,1000
32713,0000;329,6000;1726,6000;2006,2000;833,9000;1425,5000;1088,3000;1125,3000;1051,8000;875,8000;1439,7000;1081,7000;781,6000;1085,6000;1422,1000;1177,4000;1422,3000;4122,1001;1155,6000;1367,8000;1107,3000;874,9000;489,5000;2610,3000;2234,8000;150,6000;611,2000;1724,6000;1541,3000;1308,3000;854,8000;596,9000;1797,1000;1174,9000;570,8000;733,2000;1137,7000;509,0000;1135,9000;676,4000;790,7000;1762,2000;357,5000;858,1000;2475,2000;1135,8000;871,6000;3758,8000;979,7000;1079,2000;3212,6001;659,2000;947,4000;707,8000;563,2000;1495,2000;814,2000;98,8000;1229,0000;2061,3000;951,2000;867,8000;4200,0000;706,3000;2179,3000;1513,5000;1542,2000;433,3000;301,1000;1224,7000;900,1000;636,3000;1154,9000;1673,7000;1449,5000;1476,2000;1320,5000;721,7000;1723,4000;709,1000;1537,6000;1258,9000;1627,7000;1112,4000;4378,2002;1088,9000;778,2000
32714,0000;323,8000;1759,1000;2017,3000;845,8000;1445,6000;1080,0000;1125,3000;1077,2000;865,1000;1423,8000;1074,0000;767,5000;1094,9000;1464,3000;1219,8000;1416,5000;4061,3999;1168,5000;1342,8000;1100,4000;885,9000;484,5000;2713,6001;2277,3999;149,7000;634,9000;1780,4000;1612,6000;1336,7000;859,3000;611,0000;1770,2000;1215,6000;566,0000;733,2000;1120,9000;525,7000;1135,9000;690,2000;809,7000;1850,3000;360,6000;864,7000;2449,3999;1124,2000;901,2000;3700,5000;1000,1000;1094,3000;3240,1001;663,5000;973,7000;724,2000;549,4000;1514,6000;820,6000;96,1000;1255,7000;2061,3000;971,9000;868,8000;4182,3999;718,7000;2214,6001;1472,6000;1517,4000;440,4000;297,7000;1251,6000;913,0000;649,6000;1162,1000;1646,7000;1455,6000;1456,8000;1343,7000;742,3000;1752,2000;701,5000;1580,3000;1258,9000;1639,5000;1112,4000;4425,3999;1083,0000;794,3000
32715,0000;320,0000;1759,1000;2017,3000;839,9000;1432,2000;1063,3000;1134,7000;1067,7000;865,1000;1407,9000;1081,7000;774,5000;1076,4000;1477,0000;1225,1000;1404,9000;4061,3999;1162,0000;1336,5000;1093,6000;885,9000;487,0000;2719,1001;2309,3000;149,7000;627,0000;1743,2000;1603,7000;1322,5000;868,3000;601,6000;1748,7000;1252,2000;561,2000;739,9000;1131,7000;532,3000;1126,2000;687,5000;816,0000;1837,8000;363,8000;858,1000;2415,1001;1106,9000;906,1000;3700,5000;993,3000;1091,8000;3240,1001;654,9000;982,4000;720,1000;564,5000;1504,0000;807,8000;94,8000;1255,7000;2094,3000;965,0000;864,9000;4147,2998;731,5000;2224,2000;1472,6000;1509,1000;447,5000;301,1000;1238,2000;914,0000;649,6000;1147,6000;1680,4000;1467,8000;1434,9000;1320,5000;738,9000;1726,2000;684,4000;1566,1000;1265,3000;1627,7000;1108,1000;4401,7998;1083,0000;783,6000
32716,0000;317,5000;1804,8000;2039,5000;833,9000;1445,6000;1088,3000;1134,7000;1077,2000;870,5000;1392,0000;1074,0000;767,5000;1085,6000;1464,3000;1219,8000;1387,6000;4006,8000;1142,7000;1317,7000;1086,8000;874,9000;489,5000;2719,1001;2277,3999;147,2000;624,4000;1780,4000;1603,7000;1345,3000;895,3000;615,7000;1716,5000;1227,8000;563,6000;726,5000;1131,7000;552,3000;1126,2000;704,1000;803,4000;1862,9000;376,5000;891,0000;2397,8999;1095,4000;906,1000;3788,0000;1013,7000;1091,8000;3240,1001;654,9000;976,6000;740,7000;577,0000;1507,5000;807,8000;94,8000;1245,0000;2127,3000;982,2000;866,9000;4147,2998;712,7000;2211,3999;1452,2000;1558,8000;442,8000;297,7000;1255,0000;934,9000;685,2000;1133,1000;1714,1000;1504,5000;1417,9000;1337,9000;752,6000;1743,5000;674,9000;1623,0000;1265,3000;1615,9000;1099,3000;4484,3999;1106,6000;815,8000
32717,0000;317,5000;1863,4000;2039,5000;851,8000;1425,5000;1071,6000;1120,5000;1048,6000;897,2000;1392,0000;1081,7000;767,5000;1081,0000;1460,1000;1241,1000;1404,9000;4006,8000;1142,7000;1327,1000;1093,6000;869,5000;489,5000;2719,1001;2261,5000;148,1000;621,7000;1802,8000;1612,6000;1350,9000;908,8000;615,7000;1695,0000;1227,8000;566,0000;726,5000;1149,8000;542,3000;1116,5000;693,0000;797,0000;1869,2000;376,5000;881,1000;2432,2000;1106,9000;906,1000;3758,8000;1013,7000;1100,6000;3281,3000;659,2000;979,5000;740,7000;583,3000;1535,7000;807,8000;94,8000;1218,3000;2127,3000;985,7000;871,7000;4100,5000;719,0000;2198,5000;1482,8000;1567,1000;457,1000;297,7000;1221,3000;942,8000;680,8000;1147,6000;1720,9000;1504,5000;1417,9000;1337,9000;742,3000;1766,6000;671,1000;1637,3000;1265,3000;1615,9000;1103,7000;4437,2002;1106,6000;805,1000
32720,0000;317,5000;1850,4000;2083,8000;851,8000;1452,3000;1071,6000;1125,3000;1058,2000;913,2000;1415,9000;1097,0000;774,5000;1094,9000;1464,3000;1241,1000;1410,7000;4037,1001;1171,7000;1323,9000;1100,4000;874,9000;491,9000;2719,1001;2293,3999;150,6000;619,1000;1873,6000;1621,5000;1356,6000;899,8000;615,7000;1719,2000;1215,6000;566,0000;723,2000;1161,8000;548,9000;1126,2000;698,6000;790,7000;1869,2000;382,8000;877,8000;2492,3999;1106,9000;920,9000;3729,7000;1020,5000;1109,5000;3295,0000;663,5000;991,2000;740,7000;609,7000;1583,2000;807,8000;94,8000;1250,4000;2152,0000;999,5000;881,3000;4112,2002;712,7000;2214,6001;1472,6000;1575,4000;454,7000;298,4000;1251,6000;939,9000;703,0000;1176,6000;1720,9000;1522,9000;1413,1000;1355,3000;742,3000;1824,2000;671,1000;1680,0000;1278,2000;1627,7000;1116,8000;4437,2002;1112,5000;810,4000
32721,0000;317,5000;1824,3000;2094,8999;828,0000;1465,7000;1071,6000;1125,3000;1061,4000;897,2000;1392,0000;1097,0000;774,5000;1094,9000;1472,7000;1246,4000;1399,2000;4031,0000;1171,7000;1317,7000;1093,6000;869,5000;487,0000;2746,3000;2282,7000;148,1000;619,1000;1869,8000;1603,7000;1356,6000;890,8000;611,0000;1700,4000;1207,5000;566,0000;723,2000;1155,8000;542,3000;1116,5000;693,0000;784,4000;1862,9000;376,5000;871,2000;2492,3999;1101,2000;920,9000;3700,5000;1040,9000;1123,3000;3295,0000;659,2000;994,1000;740,7000;642,4000;1563,8000;814,2000;94,8000;1261,0000;2143,8000;996,0000;872,7000;4112,2002;706,5000;2185,7000;1472,6000;1558,8000;454,7000;298,4000;1251,6000;931,9000;685,2000;1191,2000;1714,1000;1510,6000;1393,6000;1366,9000;749,2000;1838,6000;669,2000;1680,0000;1271,8000;1615,9000;1121,1000;4425,3999;1112,5000;821,2000
32722,0000;314,3000;1798,2000;2161,3999;845,8000;1499,2000;1055,0000;1125,3000;1064,5000;886,5000;1368,1000;1089,4000;781,6000;1104,1000;1472,7000;1251,7000;1387,6000;4006,8000;1174,9000;1308,2000;1086,8000;864,0000;489,5000;2757,1001;2250,8000;146,4000;613,8000;1840,0000;1612,6000;1358,0000;886,3000;601,6000;1681,6000;1207,5000;566,0000;719,9000;1143,7000;539,0000;1106,8000;695,8000;784,4000;1963,6000;376,5000;871,2000;2492,3999;1106,9000;925,8000;3729,7000;1040,9000;1117,0000;3308,7000;659,2000;1005,8000;736,6000;653,7000;1563,8000;807,8000;93,4000;1277,1000;2176,8000;1009,8000;871,7000;4112,2002;719,0000;2214,6001;1462,4000;1558,8000;473,7000;298,1000;1261,7000;932,9000;685,2000;1191,2000;1714,1000;1522,9000;1381,5000;1378,4000;756,0000;1818,5000;665,4000;1708,4000;1291,0000;1592,3000;1121,1000;4472,6001;1094,8000;831,9000
32723,0000;319,4000;1824,3000;2106,0000;833,9000;1505,9000;1038,4000;1115,8000;1058,2000;881,1000;1368,1000;1081,7000;774,5000;1099,5000;1477,0000;1251,7000;1381,8000;4037,1001;1168,5000;1323,9000;1079,9000;869,5000;482,1000;2740,8000;2245,5000;143,9000;603,3000;1806,5000;1603,7000;1343,8000;881,8000;592,2000;1697,7000;1207,5000;563,6000;709,8000;1143,7000;532,3000;1097,1000;695,8000;778,1000;1951,0000;370,1000;858,1000;2483,8000;1101,2000;920,9000;3991,8999;1020,5000;1098,1000;3336,2000;659,2000;1000,0000;732,5000;650,0000;1521,6000;801,4000;94,8000;1271,7000;2152,0000;1002,9000;858,2000;4176,6001;697,1000;2208,1001;1472,6000;1533,9000;480,9000;298,8000;1265,1000;922,9000;680,8000;1169,4000;1700,6000;1535,1000;1403,3000;1366,9000;749,2000;1818,5000;674,9000;1651,5000;1297,5000;1580,5000;1108,1000;4437,2002;1088,9000;826,5000
32724,0000;320,7000;1837,3000;2072,7000;828,0000;1505,9000;1038,4000;1115,8000;1055,0000;875,8000;1384,0000;1081,7000;774,5000;1094,9000;1472,7000;1209,2000;1393,4000;4243,5000;1165,3000;1320,8000;1086,8000;869,5000;484,5000;2724,5000;2240,2000;143,9000;592,8000;1787,9000;1612,6000;1326,8000;877,3000;601,6000;1732,6000;1215,6000;566,0000;706,5000;1132,9000;529,0000;1097,1000;695,8000;778,1000;1951,0000;363,8000;858,1000;2458,0000;1101,2000;920,9000;4021,1001;993,3000;1084,2000;3336,2000;663,5000;991,2000;716,0000;672,6000;1530,4000;807,8000;97,7000;1282,4000;2160,3000;999,5000;866,9000;4211,7002;697,1000;2211,3999;1452,2000;1525,6000;483,2000;300,7000;1261,7000;912,0000;680,8000;1162,1000;1720,9000;1535,1000;1398,5000;1378,4000;752,6000;1789,6000;690,1000;1637,3000;1284,6000;1580,5000;1108,1000;4460,7998;1083,0000;810,4000
32727,0000;317,5000;1837,3000;2072,7000;833,9000;1512,6000;1021,8000;1120,5000;1055,0000;886,5000;1400,0000;1089,4000;781,6000;1090,2000;1472,7000;1235,7000;1393,4000;4097,7998;1165,3000;1327,1000;1079,9000;869,5000;484,5000;2952,8999;2288,1001;143,0000;598,0000;1769,3000;1648,2000;1332,5000;881,8000;601,6000;1732,6000;1191,2000;568,4000;709,8000;1143,7000;532,3000;1106,8000;684,7000;778,1000;1888,1000;360,6000;867,9000;2449,3999;1101,2000;916,0000;4195,8999;993,3000;1089,3000;3336,2000;659,2000;985,4000;732,5000;685,2000;1530,4000;814,2000;98,2000;1277,1000;2168,5000;996,0000;876,5000;4240,8999;706,5000;2317,3000;1452,2000;1517,4000;473,7000;300,3000;1258,3000;914,0000;676,3000;1162,1000;1741,1000;1535,1000;1422,8000;1378,4000;745,7000;1789,6000;684,4000;1608,8000;1278,2000;1580,5000;1103,7000;4472,6001;1094,8000;805,1000
32728,0000;329,6000;1850,4000;2094,8999;839,9000;1499,2000;1021,8000;1111,1000;1055,0000;907,8000;1439,7000;1104,7000;781,6000;1099,5000;1464,3000;1219,8000;1445,4000;4225,2998;1165,3000;1386,7000;1100,4000;885,9000;487,0000;2855,0000;2288,1001;146,4000;600,7000;1817,7000;1630,4000;1319,7000;890,8000;606,3000;1789,0000;1223,7000;580,5000;713,2000;1154,6000;529,0000;1116,5000;690,2000;771,7000;1907,0000;363,8000;867,9000;2587,0000;1112,7000;920,9000;4195,8999;979,7000;1079,2000;3363,7000;663,5000;991,2000;728,3000;690,2000;1512,8000;801,4000;108,1000;1282,4000;2160,3000;999,5000;874,6000;4416,3999;703,3000;2448,8999;1482,8000;1550,5000;473,7000;312,8000;1268,4000;910,0000;676,3000;1169,4000;1747,9000;1522,9000;1473,8000;1378,4000;745,7000;1806,9000;709,1000;1623,0000;1284,6000;1580,5000;1116,8000;4472,6001;1100,7000;799,7000
32729,0000;330,8000;1843,8000;2061,6001;839,9000;1505,9000;1038,4000;1115,8000;1080,4000;913,2000;1447,7000;1081,7000;781,6000;1094,9000;1493,8000;1235,7000;1416,5000;4128,2002;1197,4000;1367,8000;1114,1000;880,4000;487,0000;2991,0000;2288,1001;144,7000;611,2000;1814,0000;1675,0000;1294,1000;877,3000;606,3000;1756,8000;1227,8000;575,6000;726,5000;1161,8000;522,3000;1126,2000;690,2000;778,1000;1976,2000;367,0000;874,5000;2569,8000;1106,9000;920,9000;4895,2002;1000,1000;1072,9000;3391,1001;663,5000;1008,8000;732,5000;668,8000;1516,3000;814,2000;105,4000;1309,1000;2185,0000;1023,6000;864,9000;4357,8999;709,6000;2403,8999;1462,4000;1542,2000;483,2000;310,5000;1315,5000;901,1000;676,3000;1162,1000;1754,6000;1547,3000;1444,6000;1372,6000;759,5000;1775,2000;697,7000;1608,8000;1284,6000;1592,3000;1121,1000;4519,7998;1094,8000;826,5000
32730,0000;330,8000;1896,0000;2061,6001;833,9000;1505,9000;1046,7000;1106,4000;1080,4000;902,5000;1495,4000;1089,4000;802,7000;1113,3000;1481,2000;1235,7000;1428,1000;4213,2002;1187,8000;1440,0000;1127,8000;913,2000;489,5000;3034,5000;2288,1001;141,4000;600,7000;1769,3000;1675,0000;1265,6000;872,8000;596,9000;1799,8000;1231,9000;592,5000;726,5000;1146,1000;519,0000;1126,2000;670,8000;759,1000;2007,7000;360,6000;871,2000;2629,8999;1124,2000;920,9000;5303,1001;972,9000;1047,6000;3377,3999;663,5000;991,2000;728,3000;666,3000;1512,8000;839,9000;110,8000;1309,1000;2284,0000;1030,5000;858,2000;4463,2002;706,5000;2455,3000;1493,1000;1500,8000;478,5000;327,1000;1332,4000;895,1000;671,9000;1147,6000;1754,6000;1571,8000;1485,9000;1384,2000;745,7000;1763,7000;712,9000;1580,3000;1316,7000;1615,9000;1138,6000;4555,2002;1088,9000;815,8000
32731,0000;339,7000;1889,5000;2061,6001;839,9000;1505,9000;1030,1000;1106,4000;1077,2000;913,2000;1487,5000;1127,7000;795,6000;1122,6000;1468,5000;1246,4000;1445,4000;4231,3999;1181,3000;1483,9000;1148,3000;929,6000;499,3000;3067,1001;2309,3000;141,4000;605,9000;1765,5000;1683,9000;1265,6000;872,8000;606,3000;1794,4000;1223,7000;604,5000;719,9000;1148,5000;519,0000;1126,2000;681,9000;765,4000;2014,0000;363,8000;858,1000;2681,5000;1135,8000;925,8000;5478,0000;979,7000;1038,8000;3404,8000;659,2000;994,1000;724,2000;694,0000;1505,8000;839,9000;110,0000;1309,1000;2251,0000;1030,5000;858,2000;4463,2002;697,1000;2439,2000;1493,1000;1484,2000;473,7000;333,1000;1329,0000;896,1000;667,4000;1147,6000;1768,1000;1577,9000;1483,5000;1378,4000;752,6000;1757,9000;714,8000;1594,5000;1336,0000;1639,5000;1151,7000;4543,3999;1100,7000;789,0000
32734,0000;337,8000;1869,9000;2061,6001;833,9000;1499,2000;1013,5000;1111,1000;1070,9000;945,2000;1479,5000;1112,4000;802,7000;1127,2000;1477,0000;1246,4000;1433,8000;4195,0000;1184,6000;1471,4000;1134,6000;935,1000;506,7000;3029,1001;2298,7000;141,4000;611,2000;1780,4000;1657,2000;1265,6000;881,8000;601,6000;1754,1000;1223,7000;604,5000;726,5000;1148,5000;515,7000;1126,2000;693,0000;759,1000;2014,0000;360,6000;851,5000;2638,5000;1147,3000;920,9000;5274,0000;966,1000;1031,2000;3391,1001;667,8000;991,2000;720,1000;678,9000;1495,2000;839,9000;108,1000;1287,8000;2242,7000;1027,0000;866,9000;4416,3999;694,0000;2420,0000;1503,3000;1484,2000;473,7000;329,3000;1318,9000;894,1000;671,9000;1140,3000;1768,1000;1577,9000;1485,9000;1378,4000;749,2000;1732,0000;712,9000;1580,3000;1336,0000;1639,5000;1147,3000;4543,3999;1088,9000;794,3000
32735,0000;332,1000;1850,4000;2050,6001;833,9000;1492,5000;1021,8000;1106,4000;1035,9000;934,5000;1495,4000;1112,4000;809,7000;1122,6000;1485,4000;1225,1000;1451,2000;4188,8999;1178,1000;1477,7000;1155,1000;940,6000;521,4000;2931,2000;2304,0000;139,7000;613,8000;1761,8000;1675,0000;1289,8000;877,3000;592,2000;1759,5000;1223,7000;611,8000;719,9000;1152,2000;529,0000;1126,2000;684,7000;771,7000;2007,7000;357,5000;848,2000;2621,3000;1135,8000;920,9000;5565,3999;966,1000;1047,6000;3432,3000;689,3000;988,3000;720,1000;691,4000;1504,0000;833,4000;108,9000;1293,1000;2259,2000;1023,6000;871,7000;4404,7002;694,0000;2391,1001;1513,5000;1500,8000;471,3000;334,6000;1305,4000;895,1000;680,8000;1147,6000;1754,6000;1565,7000;1505,3000;1366,9000;752,6000;1732,0000;711,0000;1580,3000;1336,0000;1627,7000;1160,4000;4508,0000;1071,3000;805,1000
32736,0000;328,3000;1863,4000;2072,7000;833,9000;1499,2000;1030,1000;1111,1000;1035,9000;961,3000;1487,5000;1120,0000;809,7000;1127,2000;1498,1000;1235,7000;1480,1000;4116,0000;1184,6000;1452,6000;1155,1000;935,1000;521,4000;2980,1001;2304,0000;139,7000;632,3000;1795,3000;1701,7000;1294,1000;872,8000;611,0000;1738,0000;1252,2000;604,5000;733,2000;1138,9000;522,3000;1135,9000;690,2000;765,4000;1995,1000;360,6000;851,5000;2595,5000;1135,8000;925,8000;5448,7998;979,7000;1050,1000;3706,8999;685,0000;985,4000;728,3000;675,1000;1504,0000;833,4000;107,8000;1303,8000;2317,0000;1016,7000;871,7000;4404,7002;709,6000;2400,7000;1513,5000;1517,4000;488,0000;331,6000;1305,4000;903,1000;676,3000;1154,9000;1754,6000;1577,9000;1468,9000;1378,4000;752,6000;1749,3000;709,1000;1566,1000;1336,0000;1604,1000;1169,1000;4543,3999;1071,3000;805,1000
32737,0000;326,4000;1869,9000;2161,3999;839,9000;1499,2000;1030,1000;1125,3000;1045,5000;961,3000;1463,6000;1120,0000;809,7000;1104,1000;1489,6000;1241,1000;1462,8000;4128,2002;1184,6000;1427,5000;1155,1000;924,1000;521,4000;2985,5000;2320,0000;139,7000;632,3000;1787,9000;1675,0000;1294,1000;877,3000;611,0000;1713,8000;1268,4000;594,9000;733,2000;1161,8000;529,0000;1126,2000;690,2000;765,4000;1982,5000;363,8000;864,7000;2569,8000;1130,0000;930,7000;5390,6001;1000,1000;1064,0000;3816,7000;685,0000;985,4000;732,5000;660,0000;1504,0000;820,6000;104,6000;1309,1000;2366,3999;1013,3000;869,8000;4375,5000;709,6000;2394,3000;1503,3000;1517,4000;480,9000;327,1000;1298,7000;915,0000;676,3000;1162,1000;1747,9000;1584,0000;1464,0000;1378,4000;749,2000;1755,1000;709,1000;1580,3000;1323,2000;1592,3000;1147,3000;4590,6001;1106,6000;805,1000
32738,0000;327,7000;1856,9000;2117,1001;833,9000;1586,2000;1030,1000;1130,0000;1039,1000;950,6000;1479,5000;1120,0000;823,8000;1118,0000;1493,8000;1235,7000;1514,8000;4201,0000;1191,0000;1449,4000;1155,1000;924,1000;523,9000;2958,3999;2304,0000;143,9000;648,1000;1784,2000;1692,8000;1279,8000;872,8000;611,0000;1735,3000;1260,3000;599,7000;733,2000;1169,0000;542,3000;1126,2000;681,9000;759,1000;1969,9000;360,6000;864,7000;2587,0000;1135,8000;925,8000;5507,1001;986,5000;1051,4000;3803,0000;689,3000;976,6000;720,1000;652,5000;1495,2000;820,6000;106,8000;1298,4000;2358,2000;999,5000;870,7000;4375,5000;725,2000;2436,0000;1503,3000;1509,1000;488,0000;335,0000;1295,4000;915,0000;671,9000;1140,3000;1741,1000;1577,9000;1493,2000;1372,6000;749,2000;1763,7000;709,1000;1551,8000;1310,3000;1592,3000;1156,0000;4531,6001;1112,5000;794,3000
32741,0000;333,4000;1896,0000;2106,0000;839,9000;1599,6000;1038,4000;1120,5000;1048,6000;961,3000;1479,5000;1112,4000;823,8000;1127,2000;1489,6000;1235,7000;1543,7000;4164,6001;1197,4000;1455,7000;1155,1000;929,6000;531,3000;2898,5000;2325,3000;140,5000;642,8000;1795,3000;1692,8000;1278,4000;890,8000;611,0000;1743,4000;1276,6000;604,5000;733,2000;1194,3000;532,3000;1145,6000;684,7000;765,4000;1995,1000;363,8000;858,1000;2629,8999;1141,5000;925,8000;5448,7998;1006,9000;1045,1000;3706,8999;689,3000;985,4000;728,3000;666,3000;1491,7000;833,4000;108,1000;1303,8000;2341,7000;1016,7000;867,8000;4387,2002;734,6000;2471,3000;1513,5000;1492,5000;485,6000;331,6000;1308,8000;934,9000;676,3000;1147,6000;1754,6000;1571,8000;1481,0000;1384,2000;745,7000;1749,3000;703,4000;1580,3000;1323,2000;1615,9000;1177,9000;4555,2002;1124,2000;794,3000
32742,0000;330,2000;1889,5000;2117,1001;845,8000;1586,2000;1038,4000;1111,1000;1045,5000;955,9000;1463,6000;1112,4000;816,8000;1122,6000;1489,6000;1230,4000;1543,7000;4182,7998;1194,2000;1458,8000;1155,1000;918,7000;528,8000;2898,5000;2320,0000;140,5000;632,3000;1776,7000;1701,7000;1269,9000;886,3000;611,0000;1727,2000;1284,7000;599,7000;733,2000;1191,9000;529,0000;1126,2000;673,6000;759,1000;1957,3000;360,6000;854,8000;2638,5000;1135,8000;906,1000;5448,7998;1006,9000;1043,8000;3665,7000;689,3000;967,8000;720,1000;666,3000;1477,6000;827,0000;109,4000;1303,8000;2325,2000;1002,9000;878,4000;4270,2002;728,4000;2442,3999;1513,5000;1500,8000;483,2000;327,1000;1308,8000;929,9000;680,8000;1154,9000;1747,9000;1559,6000;1468,9000;1378,4000;745,7000;1737,8000;716,7000;1551,8000;1323,2000;1604,1000;1186,6000;4543,3999;1106,6000;783,6000
32743,0000;330,2000;1876,4000;2139,2000;851,8000;1559,4000;1038,4000;1106,4000;1042,3000;934,5000;1447,7000;1112,4000;823,8000;1118,0000;1493,8000;1235,7000;1532,1000;4170,7002;1197,4000;1443,1000;1134,6000;918,7000;521,4000;2876,8000;2341,3000;143,9000;637,6000;1769,3000;1692,8000;1258,5000;890,8000;601,6000;1703,1000;1321,3000;602,1000;736,6000;1167,8000;532,3000;1106,8000;681,9000;759,1000;1938,5000;357,5000;844,9000;2629,8999;1124,2000;920,9000;5536,2002;993,3000;1035,0000;3706,8999;680,7000;973,7000;720,1000;663,8000;1484,7000;833,4000;109,2000;1293,1000;2308,7000;982,2000;865,9000;4281,8999;747,1000;2445,6001;1493,1000;1509,1000;492,8000;331,6000;1285,3000;924,9000;671,9000;1133,1000;1741,1000;1571,8000;1481,0000;1384,2000;728,6000;1726,2000;712,9000;1566,1000;1310,3000;1592,3000;1177,9000;4531,6001;1112,5000;778,2000
32744,0000;320,7000;1869,9000;2072,7000;833,9000;1572,8000;1021,8000;1106,4000;1035,9000;939,9000;1423,8000;1112,4000;809,7000;1113,3000;1481,2000;1230,4000;1497,4000;4097,7998;1194,2000;1430,6000;1120,9000;907,7000;501,8000;2855,0000;2298,7000;142,2000;629,7000;1773,0000;1683,9000;1255,7000;886,3000;596,9000;1700,4000;1317,2000;594,9000;736,6000;1178,6000;529,0000;1106,8000;673,6000;752,8000;1919,6000;360,6000;848,2000;2544,0000;1112,7000;920,9000;5303,1001;986,5000;1041,3000;3638,2000;667,8000;964,9000;724,2000;652,5000;1481,2000;820,6000;109,4000;1282,4000;2284,0000;971,9000;857,2000;4240,8999;734,6000;2439,2000;1472,6000;1500,8000;488,0000;331,6000;1275,2000;924,9000;667,4000;1147,6000;1707,4000;1559,6000;1454,3000;1378,4000;725,1000;1720,5000;705,3000;1537,6000;1303,9000;1580,5000;1169,1000;4437,2002;1100,7000;778,2000
32745,0000;323,8000;1863,4000;2083,8000;833,9000;1592,9000;1021,8000;1106,4000;1020,0000;923,9000;1415,9000;1097,0000;809,7000;1113,3000;1477,0000;1198,6000;1497,4000;4110,0000;1191,0000;1471,4000;1120,9000;891,3000;477,2000;2827,8000;2288,1001;146,4000;629,7000;1750,6000;1692,8000;1240,0000;877,3000;596,9000;1719,2000;1333,5000;587,7000;750,0000;1173,8000;522,3000;1097,1000;676,4000;752,8000;1869,2000;357,5000;841,6000;2578,3999;1112,7000;916,0000;5507,1001;986,5000;1031,2000;3748,1001;667,8000;938,6000;724,2000;653,7000;1470,6000;814,2000;108,1000;1266,4000;2358,2000;954,7000;857,2000;4393,0000;731,5000;2439,2000;1472,6000;1500,8000;485,6000;335,4000;1271,8000;924,9000;671,9000;1147,6000;1707,4000;1541,2000;1473,8000;1378,4000;714,8000;1729,1000;695,8000;1537,6000;1303,9000;1568,7000;1156,0000;4425,3999;1112,5000;789,0000
32748,0000;323,8000;1869,9000;2094,8999;828,0000;1586,2000;1021,8000;1106,4000;1023,2000;929,2000;1400,0000;1081,7000;795,6000;1108,7000;1493,8000;1182,7000;1480,1000;4067,5000;1184,6000;1446,3000;1107,3000;880,4000;474,7000;2806,1001;2277,8999;144,7000;627,0000;1713,4000;1675,0000;1238,6000;881,8000;592,2000;1574,1000;1325,4000;573,2000;746,6000;1155,8000;522,3000;1087,4000;673,6000;746,4000;1856,6000;357,5000;835,1000;2501,0000;1095,4000;906,1000;5390,6001;966,1000;1028,7000;3679,3999;654,9000;924,0000;728,3000;655,0000;1470,6000;827,0000;106,8000;1255,7000;2374,7000;951,2000;852,4000;4621,1001;719,0000;2453,0000;1472,6000;1517,4000;485,6000;329,7000;1271,8000;929,9000;676,3000;1133,1000;1707,4000;1541,2000;1444,6000;1378,4000;714,8000;1706,1000;701,5000;1509,1000;1265,3000;1545,1000;1143,0000;4390,0000;1118,3000;772,9000
32749,0000;321,9000;1869,9000;2094,8999;887,5000;1572,8000;1021,8000;1111,1000;1029,6000;934,5000;1415,9000;1089,4000;802,7000;1108,7000;1489,6000;1161,5000;1474,3000;4037,1001;1187,8000;1458,8000;1086,8000;880,4000;477,2000;2827,8000;2310,0000;157,3000;634,9000;1709,7000;1675,0000;1224,4000;881,8000;578,1000;1536,5000;1353,8000;578,0000;743,3000;1155,8000;529,0000;1077,6000;670,8000;733,8000;1850,3000;348,0000;812,0000;2432,2000;1095,4000;906,1000;5741,2002;966,1000;1016,1000;3857,8999;659,2000;909,3000;724,2000;663,8000;1458,3000;807,8000;107,3000;1255,7000;2432,3999;961,6000;843,8000;4708,8999;715,8000;2507,7000;1452,2000;1517,4000;478,5000;335,7000;1275,2000;924,9000;671,9000;1133,1000;1727,6000;1553,5000;1383,9000;1378,4000;721,7000;1700,3000;678,7000;1523,4000;1310,3000;1556,9000;1151,7000;4449,0000;1118,3000;778,2000
32750,0000;311,1000;1863,4000;2050,6001;899,5000;1599,6000;1005,2000;1101,7000;1023,2000;923,9000;1392,0000;1081,7000;788,6000;1104,1000;1477,0000;1156,2000;1451,2000;4037,1001;1184,6000;1436,9000;1079,9000;869,5000;472,2000;2740,8000;2347,3000;165,6000;632,3000;1702,2000;1657,2000;1218,7000;868,3000;573,4000;1523,1000;1357,9000;566,0000;733,2000;1159,4000;519,0000;1058,2000;665,3000;721,1000;1856,6000;348,0000;805,5000;2346,3000;1072,4000;891,3000;5697,2998;959,3000;1008,5000;3789,3000;646,2000;924,0000;683,1000;653,7000;1451,3000;788,6000;106,8000;1255,7000;2382,8999;996,0000;840,9000;4621,1001;712,7000;2668,3999;1421,5000;1509,1000;478,5000;330,8000;1278,5000;911,0000;658,5000;1133,1000;1700,6000;1529,0000;1383,9000;1390,0000;725,1000;1683,0000;680,6000;1523,4000;1297,5000;1533,3000;1134,2000;4460,7998;1118,3000;783,6000
32751,0000;311,1000;1863,4000;2094,8999;881,6000;1586,2000;996,9000;1097,0000;1023,2000;913,2000;1384,0000;1051,0000;781,6000;1108,7000;1477,0000;1145,6000;1433,8000;4371,0000;1187,8000;1443,1000;1066,3000;864,0000;474,7000;2822,3999;2491,3000;172,3000;658,6000;1691,0000;1639,3000;1194,5000;863,8000;573,4000;1533,8000;1374,1000;566,0000;733,2000;1149,8000;512,3000;1038,8000;662,5000;721,1000;1850,3000;344,8000;795,6000;2337,7000;1083,9000;886,4000;5697,2998;966,1000;1000,9000;3803,0000;646,2000;929,8000;683,1000;741,7000;1451,3000;788,6000;106,8000;1314,5000;2349,8999;989,1000;829,3000;4621,1001;703,3000;2764,8999;1411,3000;1484,2000;471,3000;329,7000;1278,5000;905,0000;663,0000;1133,1000;1707,4000;1529,0000;1396,1000;1395,8000;711,4000;1671,5000;686,3000;1523,4000;1303,9000;1497,9000;1134,2000;4425,3999;1177,2000;783,6000
32752,0000;314,3000;1856,9000;2072,7000;875,6000;1586,2000;988,6000;1082,9000;1023,2000;929,2000;1376,1000;1028,0000;788,6000;1108,7000;1481,2000;1140,3000;1404,9000;4195,0000;1187,8000;1443,1000;1032,1000;853,1000;472,2000;2909,3999;2507,3000;178,2000;650,7000;1683,6000;1550,2000;1181,7000;877,3000;578,1000;1507,0000;1378,2000;558,8000;729,9000;1179,8000;519,0000;1048,5000;670,8000;714,8000;1806,3000;341,7000;815,3000;2277,5000;1066,6000;881,5000;5609,7002;972,9000;1000,9000;3857,8999;633,3000;932,7000;674,8000;802,1000;1449,5000;782,2000;106,8000;1303,8000;2333,3999;989,1000;830,3000;4574,2998;709,6000;2719,8999;1411,3000;1475,9000;471,3000;333,5000;1271,8000;893,1000;663,0000;1118,5000;1741,1000;1516,8000;1379,1000;1384,2000;704,5000;1694,5000;690,1000;1537,6000;1284,6000;1474,3000;1143,0000;4519,7998;1183,1000;815,8000
32755,0000;314,3000;1850,4000;2094,8999;875,6000;1599,6000;988,6000;1078,2000;1016,9000;939,9000;1392,0000;1066,3000;788,6000;1094,9000;1472,7000;1161,5000;1428,1000;4188,8999;1191,0000;1433,7000;1045,8000;869,5000;477,2000;2909,3999;2475,3000;172,3000;637,6000;1698,5000;1559,2000;1198,8000;877,3000;592,2000;1496,2000;1353,8000;563,6000;733,2000;1185,9000;522,3000;1058,2000;670,8000;727,5000;1812,6000;348,0000;835,1000;2277,5000;1066,6000;891,3000;5478,2002;986,5000;1008,5000;3761,8000;641,9000;935,7000;679,0000;822,2000;1460,1000;795,0000;101,4000;1303,8000;2333,3999;999,5000;838,0000;4562,6001;709,6000;2694,1001;1401,0000;1492,5000;478,5000;331,6000;1268,4000;899,1000;671,9000;1111,3000;1788,4000;1529,0000;1396,1000;1384,2000;707,9000;1703,2000;682,5000;1537,6000;1284,6000;1509,7000;1138,6000;4484,3999;1189,0000;767,5000
32756,0000;308,6000;1850,4000;2083,8000;863,7000;1592,9000;996,9000;1082,9000;1020,0000;934,5000;1400,0000;1081,7000;788,6000;1099,5000;1477,0000;1156,2000;1433,8000;4322,3999;1184,6000;1443,1000;1052,6000;858,5000;484,5000;2882,2000;2427,3000;172,3000;648,1000;1679,9000;1568,1000;1195,9000;877,3000;582,8000;1477,4000;1361,9000;566,0000;733,2000;1228,0000;519,0000;1058,2000;673,6000;727,5000;1812,6000;344,8000;841,6000;2303,3000;1060,8000;891,3000;5478,2002;979,7000;1008,5000;3844,2000;641,9000;932,7000;679,0000;854,9000;1449,5000;795,0000;106,8000;1298,4000;2391,2000;992,6000;838,9000;4562,6001;715,8000;2758,3999;1431,7000;1492,5000;488,0000;337,3000;1265,1000;904,1000;671,9000;1111,3000;1801,9000;1547,3000;1398,5000;1378,4000;707,9000;1674,4000;676,8000;1566,1000;1297,5000;1497,9000;1134,2000;4543,3999;1183,1000;756,8000
32757,0000;311,1000;1843,8000;2128,1001;869,7000;1626,3000;996,9000;1082,9000;1016,9000;934,5000;1376,1000;1066,3000;767,5000;1099,5000;1472,7000;1135,0000;1416,5000;4310,2998;1181,3000;1440,0000;1045,8000;858,5000;482,1000;2855,0000;2358,0000;172,3000;637,6000;1676,1000;1559,2000;1180,3000;877,3000;578,1000;1469,4000;1353,8000;573,2000;723,2000;1193,1000;519,0000;1048,5000;665,3000;714,8000;1787,4000;344,8000;825,2000;2303,3000;1043,5000;871,6000;5215,2998;972,9000;988,3000;3885,3999;641,9000;929,8000;674,8000;831,0000;1442,5000;788,6000;109,4000;1298,4000;2358,2000;989,1000;832,2000;4591,8999;709,6000;2729,5000;1411,3000;1484,2000;476,1000;332,4000;1244,9000;903,1000;667,4000;1111,3000;1808,6000;1535,1000;1383,9000;1390,0000;697,6000;1668,6000;661,6000;1551,8000;1284,6000;1474,3000;1134,2000;4555,2002;1171,3000;740,7000
32758,0000;307,3000;1856,9000;2094,8999;881,6000;1626,3000;988,6000;1082,9000;1010,5000;929,2000;1376,1000;1058,7000;788,6000;1099,5000;1460,1000;1135,0000;1387,6000;4401,3999;1174,9000;1424,3000;1045,8000;847,6000;479,6000;2806,1001;2432,7000;177,3000;650,7000;1672,4000;1532,4000;1154,7000;877,3000;573,4000;1480,1000;1353,8000;563,6000;726,5000;1197,9000;515,7000;1019,4000;659,7000;708,5000;1850,3000;335,3000;821,9000;2320,5000;1037,8000;866,7000;5259,1001;952,5000;965,6000;4159,8999;633,3000;915,2000;654,3000;867,4000;1426,6000;775,7000;114,8000;1303,8000;2407,7000;965,0000;811,0000;4621,1001;725,2000;2726,3000;1401,0000;1484,2000;476,1000;331,6000;1234,8000;886,2000;663,0000;1096,8000;1862,6000;1529,0000;1383,9000;1384,2000;690,8000;1651,3000;652,1000;1523,4000;1303,9000;1450,8000;1116,8000;4661,5000;1153,7000;740,7000
32759,0000;304,8000;1863,4000;2139,2000;893,5000;1659,8000;996,9000;1073,5000;1007,3000;923,9000;1360,2000;1058,7000;760,4000;1099,5000;1443,2000;1113,8000;1393,4000;4182,7998;1158,8000;1392,9000;1032,1000;847,6000;484,5000;2822,3999;2400,6001;180,7000;632,3000;1668,7000;1514,6000;1149,0000;859,3000;559,3000;1466,7000;1301,0000;561,2000;726,5000;1185,9000;505,7000;1009,7000;654,2000;702,2000;1800,0000;329,0000;838,4000;2277,5000;1020,5000;861,8000;5259,1001;966,1000;968,1000;4050,1001;624,7000;900,6000;650,2000;867,4000;1416,1000;782,2000;111,8000;1293,1000;2391,2000;965,0000;810,0000;4480,7002;737,7000;2629,8999;1401,0000;1467,6000;473,7000;318,4000;1211,2000;885,2000;671,9000;1096,8000;1869,4000;1535,1000;1357,2000;1384,2000;687,3000;1662,8000;636,9000;1523,4000;1297,5000;1439,0000;1103,7000;4578,7998;1177,2000;767,5000
32762,0000;299,1000;1869,9000;2128,1001;869,7000;1646,4000;996,9000;1073,5000;1007,3000;918,5000;1344,3000;1051,0000;753,4000;1099,5000;1460,1000;1140,3000;1399,2000;4012,8000;1142,7000;1349,0000;1032,1000;847,6000;487,0000;2827,8000;2374,0000;173,1000;634,9000;1672,4000;1532,4000;1168,9000;872,8000;568,7000;1447,9000;1317,2000;556,4000;729,9000;1187,1000;509,0000;1009,7000;648,7000;714,8000;1800,0000;329,0000;844,9000;2260,3999;1032,0000;871,6000;5215,2998;972,9000;989,6000;3940,3000;633,3000;906,4000;654,3000;833,5000;1433,7000;782,2000;108,1000;1303,8000;2366,3999;951,2000;809,1000;4281,8999;740,9000;2507,7000;1421,5000;1467,6000;471,3000;309,7000;1201,1000;885,2000;667,4000;1096,8000;1835,6000;1522,9000;1311,1000;1390,0000;697,6000;1662,8000;616,0000;1537,6000;1271,8000;1450,8000;1112,4000;4590,6001;1171,3000;767,5000
32763,0000;297,2000;1863,4000;2106,0000;875,6000;1599,6000;996,9000;1120,5000;1007,3000;934,5000;1368,1000;1074,0000;767,5000;1090,2000;1455,9000;1129,7000;1428,1000;4110,0000;1152,4000;1374,1000;1059,4000;864,0000;489,5000;2827,8000;2400,6001;174,0000;629,7000;1676,1000;1532,4000;1178,9000;863,8000;578,1000;1447,9000;1317,2000;563,6000;736,6000;1190,7000;512,3000;1058,2000;654,2000;727,5000;1812,6000;332,2000;841,6000;2277,5000;1043,5000;871,6000;5039,8999;1006,9000;995,9000;3926,6001;637,6000;912,3000;658,4000;842,3000;1430,1000;782,2000;109,2000;1303,8000;2349,8999;951,2000;827,4000;4305,2998;747,1000;2523,8000;1482,8000;1467,6000;483,2000;310,9000;1201,1000;883,2000;671,9000;1096,8000;1822,1000;1529,0000;1359,6000;1395,8000;704,5000;1665,7000;627,4000;1537,6000;1297,5000;1486,1000;1125,5000;4578,7998;1171,3000;767,5000
32764,0000;295,3000;1843,8000;2150,3000;863,7000;1606,2000;988,6000;1092,3000;1010,5000;923,9000;1352,2000;1081,7000;753,4000;1090,2000;1472,7000;1113,8000;1428,1000;4213,2002;1158,8000;1367,8000;1045,8000;853,1000;489,5000;2849,6001;2427,3000;168,1000;637,6000;1679,9000;1550,2000;1180,3000;868,3000;578,1000;1445,2000;1325,4000;561,2000;739,9000;1197,9000;522,3000;1038,8000;657,0000;721,1000;1806,3000;338,5000;828,5000;2294,7000;1032,0000;861,8000;5083,7998;986,5000;992,1000;3885,3999;637,6000;915,2000;670,7000;842,3000;1442,5000;775,7000;107,0000;1319,8000;2341,7000;968,5000;828,3000;4363,7998;756,5000;2533,3999;1441,9000;1467,6000;483,2000;309,7000;1201,1000;889,1000;671,9000;1082,2000;1822,1000;1498,4000;1359,6000;1390,0000;697,6000;1657,1000;638,8000;1523,4000;1297,5000;1486,1000;1125,5000;4543,3999;1165,4000;756,8000
32765,0000;293,4000;1824,3000;2139,2000;869,7000;1619,6000;1021,8000;1115,8000;1010,5000;939,9000;1384,0000;1066,3000;760,4000;1099,5000;1485,4000;1119,1000;1468,5000;4304,2002;1158,8000;1380,4000;1045,8000;853,1000;487,0000;2882,2000;2427,3000;167,3000;645,5000;1691,0000;1568,1000;1180,3000;868,3000;578,1000;1450,6000;1333,5000;566,0000;746,6000;1203,9000;519,0000;1029,1000;665,3000;727,5000;1812,6000;341,7000;831,8000;2251,8000;1020,5000;866,7000;5215,2998;1000,1000;993,3000;3940,3000;641,9000;915,2000;670,7000;863,7000;1437,2000;775,7000;108,1000;1330,5000;2341,7000;992,6000;828,3000;4463,2002;769,0000;2565,6001;1441,9000;1475,9000;488,0000;310,9000;1214,6000;890,1000;680,8000;1082,2000;1808,6000;1504,5000;1383,9000;1407,4000;697,6000;1671,5000;650,2000;1537,6000;1297,5000;1486,1000;1116,8000;4531,6001;1171,3000;778,2000
32766,0000;293,4000;1824,3000;2139,2000;869,7000;1619,6000;1021,8000;1115,8000;1010,5000;939,9000;1384,0000;1066,3000;760,4000;1099,5000;1485,4000;1119,1000;1468,5000;4304,2002;1158,8000;1380,4000;1045,8000;853,1000;487,0000;2882,2000;2427,3000;167,3000;645,5000;1691,0000;1568,1000;1180,3000;868,3000;578,1000;1450,6000;1333,5000;566,0000;746,6000;1203,9000;519,0000;1029,1000;665,3000;727,5000;1812,6000;341,7000;831,8000;2251,8000;1020,5000;866,7000;5215,2998;1000,1000;993,3000;3940,3000;641,9000;915,2000;670,7000;863,7000;1437,2000;775,7000;108,1000;1330,5000;2341,7000;992,6000;828,3000;4463,2002;769,0000;2565,6001;1441,9000;1475,9000;488,0000;310,9000;1214,6000;890,1000;680,8000;1082,2000;1808,6000;1504,5000;1383,9000;1407,4000;697,6000;1671,5000;650,2000;1537,6000;1297,5000;1486,1000;1116,8000;4531,6001;1171,3000;778,2000
32769,0000;301,0000;1791,7000;2106,0000;893,5000;1599,6000;1038,4000;1106,4000;1016,9000;950,6000;1423,8000;1097,0000;760,4000;1081,0000;1477,0000;1124,4000;1439,6000;4279,8999;1155,6000;1367,8000;1052,6000;853,1000;491,9000;2871,3000;2416,7000;163,9000;656,0000;1679,9000;1568,1000;1190,2000;859,3000;573,4000;1423,7000;1357,9000;561,2000;753,3000;1201,5000;519,0000;1038,8000;681,9000;727,5000;1806,3000;335,3000;841,6000;2217,3999;1026,2000;861,8000;5346,7002;1006,9000;997,1000;3926,6001;637,6000;903,5000;674,8000;854,9000;1470,6000;775,7000;106,8000;1330,5000;2358,2000;992,6000;838,0000;4445,6001;778,4000;2572,0000;1441,9000;1484,2000;483,2000;309,7000;1214,6000;892,1000;680,8000;1089,5000;1788,4000;1498,4000;1366,9000;1395,8000;690,8000;1654,2000;640,7000;1537,6000;1291,0000;1486,1000;1121,1000;4496,2002;1177,2000;772,9000
32770,0000;299,7000;1785,2000;2128,1001;917,3000;1572,8000;1038,4000;1092,3000;1016,9000;945,2000;1400,0000;1089,4000;753,4000;1071,8000;1477,0000;1129,7000;1445,4000;4298,2002;1165,3000;1367,8000;1052,6000;847,6000;489,5000;2898,5000;2395,3000;161,4000;650,7000;1661,2000;1541,3000;1173,2000;859,3000;564,0000;1421,0000;1353,8000;563,6000;756,7000;1167,8000;522,3000;1038,8000;673,6000;727,5000;1825,2000;338,5000;844,9000;2234,6001;1026,2000;871,6000;5171,3999;993,3000;979,5000;3954,0000;633,3000;906,4000;666,6000;823,4000;1451,3000;788,6000;102,8000;1346,5000;2358,2000;982,2000;836,1000;4334,5000;787,7000;2572,0000;1431,7000;1492,5000;480,9000;307,5000;1211,2000;890,1000;680,8000;1089,5000;1788,4000;1467,8000;1347,5000;1413,2000;690,8000;1654,2000;646,4000;1523,4000;1291,0000;1450,8000;1116,8000;4437,2002;1189,0000;762,1000
32771,0000;306,1000;1791,7000;2117,1001;935,2000;1572,8000;1030,1000;1082,9000;1013,7000;934,5000;1415,9000;1081,7000;753,4000;1067,1000;1477,0000;1119,1000;1428,1000;4322,3999;1165,3000;1371,0000;1052,6000;847,6000;479,6000;2914,8999;2379,3000;157,3000;650,7000;1646,3000;1532,4000;1173,2000;845,8000;568,7000;1450,6000;1361,9000;556,4000;763,4000;1167,8000;512,3000;1019,4000;673,6000;721,1000;1818,9000;335,3000;844,9000;2174,3999;1014,7000;866,7000;5171,3999;972,9000;973,1000;4008,8999;633,3000;903,5000;658,4000;836,0000;1442,5000;775,7000;103,0000;1373,3000;2341,7000;992,6000;823,5000;4474,8999;775,2000;2742,3999;1411,3000;1492,5000;490,4000;310,5000;1157,4000;888,1000;689,7000;1089,5000;1774,9000;1467,8000;1352,4000;1419,0000;690,8000;1651,3000;661,6000;1509,1000;1291,0000;1450,8000;1099,3000;4401,7998;1206,6000;767,5000
32772,0000;309,9000;1837,3000;2128,1001;935,2000;1579,5000;1030,1000;1101,7000;1010,5000;945,2000;1407,9000;1081,7000;760,4000;1053,3000;1481,2000;1113,8000;1485,9000;4310,2998;1165,3000;1374,1000;1066,3000;847,6000;479,6000;2936,6001;2438,0000;165,6000;669,2000;1653,8000;1550,2000;1171,8000;863,8000;568,7000;1447,9000;1378,2000;561,2000;756,7000;1164,2000;519,0000;1038,8000;676,4000;727,5000;1850,3000;335,3000;848,2000;2183,0000;1014,7000;871,6000;5127,6001;979,7000;968,1000;4105,0000;646,2000;900,6000;662,5000;833,5000;1461,8000;788,6000;103,6000;1394,6000;2358,2000;992,6000;838,0000;4533,3999;775,2000;2887,0000;1431,7000;1484,2000;497,5000;311,3000;1160,8000;892,1000;689,7000;1075,0000;1781,6000;1467,8000;1352,4000;1424,8000;701,1000;1651,3000;655,9000;1509,1000;1303,9000;1450,8000;1116,8000;4484,3999;1212,5000;783,6000
32773,0000;314,3000;1837,3000;2161,3999;917,3000;1606,2000;1030,1000;1092,3000;1013,7000;971,9000;1447,7000;1074,0000;774,5000;1062,5000;1464,3000;1113,8000;1462,8000;4492,3999;1149,2000;1440,0000;1086,8000;853,1000;474,7000;2942,0000;2432,7000;162,3000;671,8000;1665,0000;1577,0000;1153,3000;850,3000;578,1000;1498,9000;1357,9000;558,8000;753,3000;1171,4000;519,0000;1019,4000;670,8000;714,8000;1787,4000;332,2000;867,9000;2217,3999;1037,8000;861,8000;5478,2002;972,9000;949,2000;4050,1001;637,6000;897,7000;674,8000;847,3000;1453,0000;795,0000;104,1000;1378,6000;2424,1001;975,4000;825,5000;4632,7998;769,0000;2845,3000;1431,7000;1467,6000;499,9000;316,5000;1160,8000;882,2000;680,8000;1082,2000;1788,4000;1455,6000;1403,3000;1424,8000;697,6000;1628,3000;657,8000;1494,9000;1291,0000;1450,8000;1103,7000;4437,2002;1200,8000;778,2000
32776,0000;310,5000;1817,8000;2150,3000;917,3000;1612,9000;1030,1000;1092,3000;1010,5000;961,3000;1463,6000;1074,0000;774,5000;1062,5000;1455,9000;1172,1000;1457,0000;4553,1001;1162,0000;1430,6000;1086,8000;858,5000;489,5000;2963,8000;2454,0000;166,5000;679,7000;1683,6000;1541,3000;1154,7000;854,8000;596,9000;1584,9000;1378,2000;558,8000;763,4000;1181,1000;515,7000;1019,4000;673,6000;721,1000;1812,6000;329,0000;881,1000;2200,2000;1037,8000;901,2000;5478,2002;979,7000;954,2000;4063,8000;633,3000;924,0000;662,5000;854,9000;1451,3000;795,0000;105,4000;1410,7000;2539,6001;975,4000;838,0000;4632,7998;769,0000;2858,1001;1421,5000;1451,0000;504,7000;316,5000;1174,2000;878,2000;689,7000;1096,8000;1788,4000;1480,1000;1420,3000;1442,1000;721,7000;1642,7000;676,8000;1494,9000;1284,6000;1486,1000;1108,1000;4578,7998;1236,1000;810,4000
32777,0000;317,9000;1853,6000;2216,8000;925,4000;1612,9000;1066,3000;1092,3000;1011,9000;988,0000;1511,3000;1097,0000;777,2000;1051,0000;1457,7000;1219,8000;1462,8000;4862,1001;1153,7000;1474,5000;1130,5000;871,9000;486,3000;2977,0000;2539,3999;161,4000;706,1000;1737,6000;1571,7000;1140,8000;854,8000;598,8000;1667,2000;1422,9000;576,8000;776,8000;1195,8000;513,8000;1043,2000;680,2000;736,0000;1815,3000;336,3000;889,1000;2284,0000;1086,5000;891,3000;5390,6001;1001,8000;951,1000;4068,7000;649,3000;973,7000;668,1000;880,0000;1471,5000;817,4000;106,9000;1391,6000;2649,8999;966,5000;866,9000;4656,2002;784,6000;2989,8999;1488,5000;1512,0000;544,1000;332,9000;1179,0000;869,2000;701,7000;1150,1000;1822,1000;1507,6000;1432,7000;1433,0000;714,8000;1713,3000;743,5000;1526,9000;1306,8000;1515,0000;1121,1000;4608,3999;1262,4000;826,5000
32778,0000;324,3000;1814,5000;2239,0000;895,5000;1552,7000;1066,3000;1106,4000;1021,4000;982,6000;1527,2000;1104,7000;770,1000;1060,2000;1457,7000;1246,4000;1474,3000;4831,7998;1163,4000;1487,1000;1110,0000;861,0000;481,3000;2977,0000;2656,7000;161,4000;735,0000;1688,9000;1562,8000;1171,9000;863,8000;603,5000;1627,6000;1475,8000;564,8000;763,4000;1193,4000;513,8000;1023,7000;688,5000;736,0000;1827,9000;345,8000;899,0000;2318,5000;1080,7000;906,1000;5697,2998;995,0000;966,3000;4206,1001;640,6000;964,9000;668,1000;922,8000;1476,8000;804,5000;106,9000;1380,8000;2641,6001;990,6000;871,7000;4662,1001;775,2000;3150,7000;1488,5000;1495,3000;534,5000;324,6000;1195,9000;874,2000;701,7000;1142,9000;1862,6000;1526,0000;1401,0000;1438,8000;718,2000;1704,6000;712,1000;1526,9000;1326,1000;1455,9000;1112,4000;4584,7002;1238,8000;826,5000
32779,0000;324,3000;1827,5000;2227,8999;943,3000;1552,7000;1041,3000;1101,7000;1018,2000;1025,3000;1559,0000;1081,7000;763,0000;1088,0000;1457,7000;1257,0000;1474,3000;4862,1001;1157,0000;1549,8000;1068,8000;844,5000;476,4000;3047,7000;2651,3999;161,4000;735,0000;1715,1000;1589,6000;1201,6000;868,3000;594,0000;1599,3000;1492,0000;564,8000;763,4000;1181,3000;513,8000;1033,4000;699,6000;736,0000;1827,9000;349,0000;928,7000;2370,2000;1063,4000;901,2000;5697,2998;1008,6000;966,3000;4481,0000;649,3000;959,1000;701,1000;924,0000;1482,1000;811,0000;106,9000;1386,2000;2674,6001;966,5000;870,7000;4609,3999;781,5000;3086,3999;1478,2000;1478,7000;556,0000;324,2000;1189,1000;876,2000;696,8000;1157,4000;1903,1000;1513,7000;1420,5000;1409,8000;725,1000;1704,6000;712,1000;1526,9000;1384,0000;1455,9000;1116,8000;4596,5000;1250,6000;815,8000
32780,0000;317,3000;1853,6000;2250,1001;961,2000;1499,2000;1024,6000;1106,4000;1021,4000;998,6000;1519,3000;1081,7000;763,0000;1078,7000;1474,6000;1235,7000;1451,2000;4777,1001;1140,9000;1512,2000;1082,5000;844,5000;473,9000;3047,7000;2646,0000;167,3000;750,8000;1711,4000;1616,4000;1203,1000;859,3000;594,0000;1571,0000;1475,8000;567,2000;763,4000;1182,5000;520,5000;1033,4000;691,3000;736,0000;1827,9000;349,0000;925,4000;2370,2000;1063,4000;901,2000;5653,5000;1035,9000;962,5000;4384,7998;662,2000;956,1000;684,6000;955,4000;1508,5000;804,5000;106,9000;1370,1000;2666,3999;963,0000;871,7000;4568,5000;772,1000;3018,8999;1457,7000;1478,7000;558,4000;321,2000;1192,5000;885,2000;701,7000;1157,4000;1936,8000;1532,1000;1403,5000;1438,8000;711,4000;1704,6000;705,8000;1541,2000;1371,1000;1455,9000;1121,1000;4608,3999;1250,6000;821,2000
32783,0000;309,6000;1827,5000;2283,3000;967,2000;1472,4000;1041,3000;1092,3000;1018,2000;998,6000;1511,3000;1081,7000;777,2000;1097,3000;1470,3000;1214,5000;1474,3000;4643,2998;1160,2000;1487,1000;1075,7000;850,0000;476,4000;3020,5000;2614,0000;164,8000;737,7000;1688,9000;1607,4000;1201,6000;863,8000;594,0000;1522,8000;1463,6000;569,6000;770,1000;1172,8000;523,9000;1043,2000;685,7000;723,3000;1777,4000;358,5000;918,8000;2327,1001;1051,8000;896,3000;5522,0000;1049,5000;958,7000;4343,6001;679,6000;941,5000;684,6000;930,3000;1526,2000;804,5000;106,9000;1364,8000;2649,8999;963,0000;861,1000;4574,2998;772,1000;2989,8999;1457,7000;1495,3000;558,4000;317,0000;1168,9000;893,1000;691,9000;1150,1000;1950,3000;1513,7000;1401,0000;1438,8000;714,8000;1707,5000;705,8000;1555,5000;1364,7000;1432,2000;1112,4000;4608,3999;1232,9000;805,1000
32784,0000;312,8000;1840,6000;2327,7000;961,2000;1499,2000;1041,3000;1082,9000;1018,2000;982,6000;1479,5000;1081,7000;770,1000;1092,6000;1445,0000;1209,2000;1468,5000;4764,8999;1128,0000;1509,0000;1062,0000;839,0000;471,5000;2993,3000;2571,3999;167,3000;716,6000;1662,7000;1616,4000;1194,2000;854,8000;594,0000;1522,8000;1427,0000;559,9000;770,1000;1172,8000;520,5000;1023,7000;685,7000;717,0000;1796,3000;355,3000;922,1000;2301,2000;1028,7000;881,5000;5390,6001;1029,1000;951,1000;4357,2998;675,2000;921,0000;668,1000;924,0000;1527,9000;798,1000;106,9000;1359,4000;2682,8999;973,4000;853,4000;4609,3999;772,1000;2957,8000;1426,9000;1462,1000;544,1000;320,8000;1162,2000;875,2000;691,9000;1135,6000;1936,8000;1501,5000;1408,4000;1433,0000;721,7000;1675,7000;712,1000;1569,7000;1345,4000;1408,5000;1099,3000;4525,6001;1215,2000;815,8000
32785,0000;312,8000;1834,0000;2294,3999;967,2000;1485,8000;1016,3000;1082,9000;1018,2000;966,6000;1463,6000;1089,4000;777,2000;1069,5000;1453,4000;1203,9000;1457,0000;4716,2998;1115,1000;1490,2000;1034,6000;817,1000;471,5000;2960,7000;2528,7000;173,1000;700,8000;1655,2000;1589,6000;1151,2000;863,8000;598,8000;1486,1000;1422,9000;552,7000;770,1000;1176,5000;507,2000;994,4000;671,9000;704,3000;1752,2000;339,5000;905,6000;2292,6001;1022,9000;851,9000;5522,0000;1029,1000;930,8000;4453,5000;679,6000;915,2000;655,7000;903,9000;1460,9000;791,7000;105,6000;1359,4000;2649,8999;966,5000;845,7000;4621,1001;765,9000;2941,7000;1426,9000;1462,1000;532,1000;317,4000;1152,1000;870,2000;691,9000;1135,6000;1950,3000;1489,2000;1403,5000;1433,0000;721,7000;1664,1000;722,6000;1512,6000;1351,8000;1349,3000;1081,9000;4525,6001;1238,8000;805,1000
32786,0000;314,7000;1827,5000;2305,5000;949,2000;1485,8000;1016,3000;1082,9000;1015,0000;977,3000;1487,5000;1089,4000;833,7000;1060,2000;1440,8000;1198,6000;1428,1000;4831,7998;1105,4000;1531,0000;1034,6000;822,6000;461,6000;2922,6001;2512,7000;182,3000;711,3000;1655,2000;1580,6000;1160,1000;877,3000;589,3000;1514,4000;1439,2000;555,1000;760,0000;1221,2000;500,5000;994,4000;666,3000;685,2000;1739,6000;333,1000;918,8000;2318,5000;1017,1000;866,7000;5609,7002;1042,7000;919,4000;4453,5000;683,9000;906,4000;659,8000;905,2000;1464,4000;785,2000;106,9000;1354,1000;2658,1001;945,8000;829,3000;4761,5000;772,1000;2957,8000;1406,3000;1445,5000;558,4000;328,8000;1131,9000;870,2000;701,7000;1135,6000;1997,6000;1483,1000;1425,4000;1427,2000;714,8000;1640,9000;722,6000;1526,9000;1351,8000;1349,3000;1047,0000;4525,6001;1238,8000;810,4000
32787,0000;321,7000;1801,4000;2261,2000;943,3000;1472,4000;999,6000;1082,9000;1002,3000;971,9000;1471,5000;1104,7000;812,5000;1064,9000;1415,4000;1193,3000;1410,7000;4874,2998;1099,0000;1656,5000;1020,9000;811,6000;461,6000;2873,6001;2614,0000;180,7000;716,6000;1640,2000;1571,7000;1134,8000;890,8000;579,9000;1505,9000;1422,9000;550,3000;760,0000;1200,6000;500,5000;984,7000;660,8000;666,2000;1733,3000;336,3000;915,5000;2249,5000;1017,1000;881,5000;6047,8999;1015,4000;908,0000;4467,2998;657,9000;915,2000;655,7000;905,2000;1441,5000;791,7000;109,3000;1343,4000;2592,1001;935,4000;833,2000;4942,8999;765,9000;3022,1001;1426,9000;1420,6000;558,4000;325,4000;1142,0000;865,3000;696,8000;1106,5000;1970,6000;1483,1000;1440,0000;1404,0000;694,2000;1635,1000;724,7000;1526,9000;1332,5000;1349,3000;1064,4000;4525,6001;1238,8000;789,0000
32790,0000;338,3000;1801,4000;2250,1001;925,4000;1445,6000;999,6000;1073,5000;1002,3000;1014,7000;1551,1000;1135,4000;798,4000;1060,2000;1394,3000;1177,4000;1485,9000;4941,1001;1092,5000;1741,2000;1062,0000;828,1000;469,0000;2868,1001;2667,3999;175,7000;724,5000;1629,0000;1598,5000;1120,0000;890,8000;579,9000;1630,4000;1431,1000;579,3000;753,3000;1209,1000;493,8000;1004,2000;649,7000;653,5000;1714,4000;333,1000;902,3000;2439,1001;1046,0000;871,6000;6135,6001;1015,4000;908,0000;4536,0000;670,9000;900,6000;655,7000;905,2000;1430,9000;798,1000;114,7000;1338,0000;2600,3000;938,9000;838,0000;5118,2998;762,7000;3070,3000;1509,0000;1412,3000;563,2000;354,5000;1158,8000;847,4000;696,8000;1135,6000;2011,1000;1464,7000;1613,0000;1409,8000;701,1000;1614,9000;734,7000;1498,4000;1345,4000;1384,8000;1138,6000;4525,6001;1232,9000;794,3000
32791,0000;338,3000;1801,4000;2250,1001;925,4000;1445,6000;999,6000;1073,5000;1002,3000;1014,7000;1551,1000;1135,4000;798,4000;1060,2000;1394,3000;1177,4000;1485,9000;4941,1001;1092,5000;1741,2000;1062,0000;828,1000;469,0000;2868,1001;2667,3999;175,7000;724,5000;1629,0000;1598,5000;1120,0000;890,8000;579,9000;1630,4000;1431,1000;579,3000;753,3000;1209,1000;493,8000;1004,2000;649,7000;653,5000;1714,4000;333,1000;902,3000;2439,1001;1046,0000;871,6000;6135,6001;1015,4000;908,0000;4536,0000;670,9000;900,6000;655,7000;905,2000;1430,9000;798,1000;114,7000;1338,0000;2600,3000;938,9000;838,0000;5118,2998;762,7000;3070,3000;1509,0000;1412,3000;563,2000;354,5000;1158,8000;847,4000;696,8000;1135,6000;2011,1000;1464,7000;1613,0000;1409,8000;701,1000;1614,9000;734,7000;1498,4000;1345,4000;1384,8000;1138,6000;4525,6001;1232,9000;794,3000
32792,0000;324,9000;1781,8000;2205,7000;919,4000;1405,5000;1007,9000;1049,9000;1002,3000;1041,4000;1598,8000;1150,7000;784,2000;1060,2000;1402,7000;1166,8000;1532,1000;4880,3999;1095,7000;1725,5000;1089,4000;833,5000;464,1000;2868,1001;2640,7000;171,5000;703,4000;1606,5000;1616,4000;1112,6000;881,8000;570,5000;1585,1000;1431,1000;601,0000;753,3000;1206,7000;490,5000;1023,7000;644,1000;659,9000;1758,5000;329,9000;872,7000;2370,2000;1074,9000;891,3000;6091,7998;1008,6000;896,6000;4481,0000;679,6000;915,2000;647,4000;870,0000;1429,1000;823,9000;117,4000;1338,0000;2583,8000;945,8000;838,0000;5059,8999;772,1000;3002,8000;1570,6000;1387,3000;584,6000;354,8000;1155,4000;843,4000;687,0000;1142,9000;1923,4000;1458,6000;1571,6000;1363,4000;701,1000;1620,7000;749,8000;1484,1000;1351,8000;1384,8000;1243,3000;4537,5000;1215,2000;778,2000
32793,0000;322,4000;1768,8000;2172,5000;895,5000;1338,5000;999,6000;1040,5000;996,0000;1009,3000;1567,0000;1143,1000;763,0000;1069,5000;1364,7000;1177,4000;1491,7000;4777,1001;1076,4000;1709,8000;1068,8000;828,1000;461,6000;2857,3000;2608,7000;167,3000;685,0000;1610,3000;1580,6000;1102,2000;890,8000;556,3000;1588,0000;1402,6000;593,7000;753,3000;1186,1000;487,1000;1004,2000;627,4000;640,8000;1745,9000;326,8000;856,2000;2361,6001;1063,4000;861,8000;6047,8999;974,6000;883,9000;4398,5000;657,9000;906,4000;639,2000;842,3000;1408,0000;811,0000;116,3000;1316,6000;2559,1001;914,7000;824,5000;4978,0000;750,2000;2964,2000;1591,1000;1387,3000;575,1000;351,4000;1148,7000;830,5000;677,2000;1113,7000;1889,6000;1446,3000;1539,9000;1375,0000;680,4000;1614,9000;745,6000;1484,1000;1364,7000;1337,5000;1230,2000;4419,2998;1179,8000;772,9000
32794,0000;332,5000;1788,3000;2205,7000;889,5000;1311,8000;999,6000;1040,5000;996,0000;998,6000;1543,1000;1227,4000;770,1000;1083,4000;1385,8000;1166,8000;1503,2000;4789,2002;1066,7000;1772,6000;1062,0000;822,6000;469,0000;2862,7000;2603,3999;167,3000;716,6000;1617,8000;1580,6000;1121,5000;863,8000;565,8000;1571,0000;1431,1000;593,7000;739,9000;1194,6000;490,5000;1023,7000;649,7000;653,5000;1745,9000;323,6000;885,9000;2370,2000;1046,0000;866,7000;6924,3999;988,2000;899,1000;4453,5000;666,6000;906,4000;655,7000;854,9000;1404,4000;817,4000;118,4000;1316,6000;2567,3000;928,5000;821,6000;5200,2002;750,2000;3022,1001;1601,4000;1404,0000;572,7000;355,2000;1145,3000;825,5000;687,0000;1128,3000;1943,6000;1446,3000;1569,2000;1386,6000;687,3000;1620,7000;749,8000;1484,1000;1384,0000;1361,2000;1217,1000;4407,5000;1179,8000;772,9000
32797,0000;315,4000;1781,8000;2161,3999;901,5000;1311,8000;982,9000;1045,2000;986,4000;955,9000;1455,6000;1150,7000;741,8000;1069,5000;1377,4000;1166,8000;1433,8000;4558,2998;1037,7000;1678,4000;1027,7000;800,6000;464,1000;2835,5000;2475,3000;163,1000;698,2000;1659,0000;1544,9000;1137,8000;836,8000;556,3000;1517,2000;1366,0000;574,4000;729,9000;1175,2000;470,5000;1013,9000;633,0000;666,2000;1745,9000;323,6000;876,0000;2284,0000;1017,1000;856,9000;6661,5000;974,6000;909,3000;4329,7998;644,9000;897,7000;651,6000;804,6000;1411,5000;791,7000;113,6000;1295,2000;2501,3000;904,3000;813,9000;4919,5000;731,5000;2941,7000;1519,3000;1379,0000;553,6000;336,7000;1138,6000;825,5000;687,0000;1106,5000;1855,9000;1415,7000;1464,4000;1409,8000;677,0000;1646,7000;707,9000;1469,8000;1339,0000;1349,3000;1156,0000;4312,8999;1138,5000;729,9000
32798,0000;321,1000;1807,9000;2172,5000;925,4000;1305,1000;991,3000;1049,9000;996,0000;977,3000;1479,5000;1158,4000;705,8000;1078,7000;1402,7000;1156,2000;1445,4000;4527,8999;1066,7000;1707,1000;1048,3000;817,1000;459,1000;2830,0000;2422,0000;164,8000;719,2000;1703,9000;1553,9000;1182,3000;854,8000;579,9000;1517,2000;1382,3000;574,4000;729,9000;1168,0000;480,5000;1033,4000;655,2000;685,2000;1783,7000;336,3000;908,9000;2292,6001;1040,2000;866,7000;6530,0000;995,0000;930,8000;4536,0000;653,6000;906,4000;663,9000;815,9000;1434,4000;798,1000;112,5000;1338,0000;2501,3000;932,0000;844,7000;4966,2998;744,0000;2925,6001;1539,8000;1412,3000;548,8000;330,7000;1155,4000;848,4000;682,1000;1121,0000;1882,9000;1415,7000;1462,0000;1392,4000;694,2000;1693,0000;714,2000;1512,6000;1358,3000;1349,3000;1160,4000;4395,7002;1179,8000;762,1000
32799,0000;326,2000;1853,6000;2183,6001;925,4000;1358,6000;1007,9000;1054,6000;992,8000;998,6000;1479,5000;1135,4000;706,5000;1088,0000;1394,3000;1193,3000;1433,8000;4470,1001;1063,5000;1700,2000;1034,6000;817,1000;461,6000;2808,3000;2400,6001;165,6000;727,1000;1662,7000;1562,8000;1185,3000;899,8000;579,9000;1505,9000;1361,9000;562,4000;726,5000;1178,9000;487,1000;1023,7000;658,0000;685,2000;1758,5000;339,5000;918,8000;2284,0000;1022,9000;881,5000;6267,1001;1001,8000;930,8000;4398,5000;662,2000;912,3000;672,2000;832,2000;1422,1000;804,5000;111,7000;1338,0000;2509,5000;932,0000;833,2000;5001,3999;747,1000;2893,5000;1539,8000;1420,6000;556,0000;328,8000;1158,8000;865,3000;677,2000;1121,0000;1903,1000;1427,9000;1415,7000;1398,2000;697,6000;1652,5000;705,8000;1512,6000;1396,9000;1361,2000;1156,0000;4478,3999;1173,9000;751,4000
32800,0000;319,8000;1840,6000;2250,1001;901,5000;1372,0000;1024,6000;1064,0000;1008,7000;998,6000;1479,5000;1150,7000;720,6000;1097,3000;1411,2000;1198,6000;1462,8000;4546,1001;1024,8000;1738,2000;1041,4000;822,6000;466,5000;2824,6001;2443,3000;165,6000;753,5000;1655,2000;1580,6000;1169,0000;904,3000;584,6000;1517,2000;1370,1000;569,6000;750,0000;1184,9000;503,8000;1023,7000;694,1000;672,6000;1758,5000;339,5000;951,7000;2240,8999;1028,7000;886,4000;6661,5000;1029,1000;923,2000;4398,5000;666,6000;912,3000;684,6000;829,7000;1441,5000;811,0000;112,5000;1338,0000;2517,8000;956,1000;838,0000;5089,1001;778,4000;2954,6001;1529,5000;1437,2000;567,9000;328,8000;1162,2000;869,2000;691,9000;1135,6000;1916,6000;1446,3000;1459,5000;1398,2000;718,2000;1672,8000;705,8000;1512,6000;1403,3000;1361,2000;1164,8000;4419,2998;1221,1000;767,5000
32801,0000;317,9000;1853,6000;2338,7000;937,3000;1438,9000;1049,6000;1064,0000;1002,3000;998,6000;1503,4000;1150,7000;720,6000;1106,5000;1394,3000;1219,8000;1451,2000;4606,8999;1057,1000;1738,2000;1055,1000;811,6000;469,0000;2835,5000;2470,0000;159,8000;779,8000;1655,2000;1589,6000;1157,1000;931,3000;589,3000;1539,8000;1398,5000;569,6000;760,0000;1197,0000;510,5000;1013,9000;691,3000;678,9000;1796,3000;349,0000;948,4000;2240,8999;1051,8000;881,5000;6661,5000;1063,1000;915,6000;4357,2998;662,2000;921,0000;692,8000;829,7000;1446,8000;804,5000;115,2000;1332,7000;2526,0000;956,1000;852,4000;5118,2998;803,4000;2944,8999;1539,8000;1512,0000;575,1000;328,8000;1152,1000;890,1000;696,8000;1142,9000;1943,6000;1458,6000;1466,8000;1404,0000;728,6000;1649,6000;701,6000;1541,2000;1442,0000;1384,8000;1156,0000;4525,6001;1215,2000;789,0000
32804,0000;319,8000;1840,6000;2316,6001;943,3000;1365,3000;1049,6000;1078,2000;1008,7000;1009,3000;1503,4000;1135,4000;713,6000;1097,3000;1423,9000;1246,4000;1462,8000;4619,0000;1034,5000;1724,4000;1062,0000;817,1000;466,5000;2840,8999;2454,0000;165,6000;800,9000;1666,4000;1580,6000;1154,1000;944,8000;594,0000;1534,2000;1394,5000;564,8000;763,4000;1184,9000;523,9000;1033,4000;683,0000;685,2000;1809,0000;345,8000;941,8000;2301,2000;1057,6000;891,3000;6530,0000;1056,3000;920,7000;4316,1001;675,2000;938,6000;688,7000;818,4000;1446,8000;804,5000;112,3000;1316,6000;2534,3000;956,1000;866,9000;5094,8999;800,3000;2954,6001;1560,3000;1487,0000;575,1000;329,5000;1148,7000;896,1000;696,8000;1150,1000;1930,1000;1476,9000;1481,5000;1409,8000;725,1000;1649,6000;705,8000;1555,5000;1429,1000;1408,5000;1186,6000;4513,7998;1232,9000;805,1000
32805,0000;316,6000;1821,0000;2272,2000;925,4000;1398,8000;1049,6000;1092,3000;1002,3000;1020,0000;1487,5000;1143,1000;713,6000;1097,3000;1394,3000;1262,3000;1445,4000;4521,7998;1037,7000;1669,1000;1034,6000;811,6000;464,1000;2846,3999;2475,3000;161,4000;832,5000;1670,2000;1562,8000;1152,6000;944,8000;584,6000;1522,8000;1394,5000;562,4000;763,4000;1174,0000;527,2000;1004,2000;685,7000;678,9000;1783,7000;336,3000;948,4000;2240,8999;1022,9000;881,5000;6354,7002;1063,1000;911,8000;4329,7998;670,9000;924,0000;680,4000;804,6000;1438,0000;798,1000;112,3000;1338,0000;2509,5000;942,3000;847,6000;5059,8999;847,1000;2893,5000;1539,8000;1462,1000;563,2000;324,6000;1145,3000;904,1000;696,8000;1142,9000;1889,6000;1464,7000;1452,2000;1415,6000;718,2000;1638,0000;710,0000;1541,2000;1429,1000;1384,8000;1186,6000;4395,7002;1232,9000;794,3000
32806,0000;316,0000;1781,8000;2327,7000;937,3000;1351,9000;1024,6000;1078,2000;1002,3000;1041,4000;1463,6000;1112,4000;706,5000;1097,3000;1381,6000;1257,0000;1422,3000;4619,0000;1037,7000;1624,2000;1034,6000;811,6000;461,6000;2900,8000;2432,7000;158,1000;803,5000;1644,0000;1562,8000;1155,6000;926,8000;579,9000;1511,5000;1378,2000;562,4000;766,7000;1160,7000;530,5000;1004,2000;713,5000;672,6000;1745,9000;336,3000;1024,2000;2215,0000;1017,1000;901,2000;6223,2002;1104,0000;900,4000;4316,1001;666,6000;932,7000;684,6000;769,4000;1446,8000;791,7000;112,3000;1327,3000;2468,2000;928,5000;834,1000;5024,7998;825,3000;2845,3000;1519,3000;1445,5000;551,2000;323,1000;1138,6000;893,1000;691,9000;1135,6000;1842,4000;1440,2000;1435,2000;1421,4000;752,6000;1623,6000;693,3000;1584,0000;1403,3000;1396,7000;1169,1000;4312,8999;1215,2000;853,4000
32807,0000;311,5000;1794,9000;2338,7000;943,3000;1372,0000;1016,3000;1078,2000;1005,5000;1046,7000;1439,7000;1135,4000;692,4000;1097,3000;1394,3000;1347,1000;1404,9000;4485,2998;1044,2000;1593,1000;1034,6000;811,6000;461,6000;2987,8999;2406,0000;157,3000;803,5000;1681,4000;1598,5000;1201,6000;944,8000;594,0000;1517,2000;1366,0000;557,5000;766,7000;1146,2000;530,5000;1013,9000;719,1000;697,9000;1840,5000;345,8000;1047,2000;2223,7000;1017,1000;955,4000;6267,1001;1192,6000;930,8000;4316,1001;666,6000;1008,8000;696,9000;775,7000;1460,9000;798,1000;108,0000;1338,0000;2476,5000;935,4000;831,2000;4960,3999;844,0000;2797,0000;1509,0000;1462,1000;541,7000;318,6000;1165,5000;890,1000;701,7000;1121,0000;1828,9000;1440,2000;1379,1000;1421,4000;766,4000;1667,0000;689,1000;1641,1000;1409,8000;1396,7000;1156,0000;4265,7002;1215,2000;901,7000
32808,0000;311,5000;1781,8000;2272,2000;937,3000;1358,6000;1016,3000;1078,2000;1008,7000;1057,4000;1431,8000;1127,7000;692,4000;1092,6000;1419,6000;1341,8000;1422,3000;4497,5000;1050,6000;1610,4000;1034,6000;806,1000;464,1000;2857,3000;2347,3000;156,4000;771,9000;1666,4000;1589,6000;1171,9000;922,3000;631,8000;1517,2000;1353,8000;559,9000;766,7000;1113,6000;533,9000;1043,2000;702,4000;697,9000;1815,3000;333,1000;1014,3000;2197,8000;1011,4000;930,7000;6004,1001;1206,3000;923,2000;4316,1001;666,6000;1011,7000;676,3000;773,2000;1487,4000;798,1000;106,7000;1348,7000;2427,0000;914,7000;833,2000;4942,8999;812,8000;2758,3999;1488,5000;1453,8000;536,9000;318,2000;1162,2000;894,1000;716,4000;1128,3000;1795,1000;1434,0000;1386,4000;1421,4000;756,0000;1675,7000;691,2000;1626,8000;1403,3000;1408,5000;1169,1000;4230,2002;1209,3000;858,8000
32811,0000;311,5000;1781,8000;2250,1001;943,3000;1338,5000;1016,3000;1087,6000;1011,9000;1041,4000;1423,8000;1143,1000;685,3000;1088,0000;1411,2000;1310,0000;1410,7000;4436,7002;1040,9000;1579,3000;1027,7000;811,6000;461,6000;2840,8999;2384,6001;158,9000;790,4000;1651,5000;1580,6000;1177,9000;922,3000;617,6000;1525,7000;1349,8000;559,9000;753,3000;1132,9000;530,5000;1033,4000;702,4000;710,6000;1752,2000;339,5000;1020,9000;2215,0000;1011,4000;911,0000;5960,2998;1213,1000;921,9000;4329,7998;670,9000;988,3000;676,3000;778,2000;1466,2000;791,7000;104,0000;1343,4000;2394,0000;921,6000;833,2000;4901,8999;794,0000;2732,7000;1498,7000;1437,2000;536,9000;314,8000;1152,1000;899,1000;706,6000;1106,5000;1801,9000;1464,7000;1357,2000;1427,2000;752,6000;1669,9000;682,8000;1641,1000;1384,0000;1396,7000;1164,8000;4206,6001;1179,8000;885,6000
32812,0000;316,6000;1788,3000;2283,3000;925,4000;1331,8000;1016,3000;1082,9000;1027,8000;1105,4000;1439,7000;1135,4000;683,9000;1092,6000;1428,1000;1294,1000;1404,9000;4491,3999;1028,1000;1631,1000;1027,7000;811,6000;461,6000;2846,3999;2427,3000;157,3000;806,2000;1700,1000;1589,6000;1177,9000;940,3000;650,6000;1534,2000;1378,2000;559,9000;766,7000;1140,2000;537,2000;1033,4000;744,0000;710,6000;1745,9000;349,0000;1014,3000;2215,0000;1017,1000;911,0000;6047,8999;1206,3000;924,5000;4329,7998;662,2000;991,2000;684,6000;785,7000;1490,9000;791,7000;105,1000;1332,7000;2402,2000;928,5000;829,3000;4995,5000;794,0000;2742,3999;1498,7000;1487,0000;541,7000;313,6000;1155,4000;893,1000;726,2000;1106,5000;1855,9000;1476,9000;1376,7000;1427,2000;762,9000;1713,3000;693,3000;1612,5000;1403,3000;1420,3000;1173,5000;4194,7998;1191,6000;966,1000
32813,0000;316,0000;1801,4000;2261,2000;925,4000;1338,5000;1024,6000;1082,9000;1027,8000;1084,1000;1447,7000;1143,1000;685,3000;1101,9000;1411,2000;1315,3000;1399,2000;4436,7002;1028,1000;1579,3000;1020,9000;806,1000;461,6000;2868,1001;2422,0000;153,9000;790,4000;1666,4000;1598,5000;1149,7000;931,3000;650,6000;1528,5000;1378,2000;567,2000;743,3000;1125,7000;533,9000;1023,7000;724,6000;717,0000;1764,8000;355,3000;991,2000;2240,8999;1028,7000;916,0000;6004,1001;1179,0000;924,5000;4288,6001;653,6000;982,4000;684,6000;789,5000;1499,7000;785,2000;106,9000;1332,7000;2352,7000;928,5000;823,5000;5024,7998;778,4000;2732,7000;1519,3000;1478,7000;534,5000;312,1000;1158,8000;897,1000;721,3000;1121,0000;1828,9000;1476,9000;1354,8000;1415,6000;762,9000;1698,8000;695,4000;1641,1000;1409,8000;1420,3000;1169,1000;4206,6001;1179,8000;1009,0000
32814,0000;313,5000;1788,3000;2239,0000;925,4000;1331,8000;1041,3000;1087,6000;1005,5000;1062,7000;1447,7000;1127,7000;688,9000;1097,3000;1423,9000;1288,8000;1422,3000;4436,7002;1024,8000;1572,4000;1007,2000;806,1000;456,6000;2911,7000;2379,3000;154,7000;787,7000;1666,4000;1589,6000;1139,3000;931,3000;636,5000;1528,5000;1357,9000;559,9000;750,0000;1142,6000;530,5000;1023,7000;713,5000;710,6000;1796,3000;352,1000;971,5000;2240,8999;1022,9000;906,1000;6135,6001;1165,4000;915,6000;4274,7998;657,9000;979,5000;672,2000;789,5000;1496,2000;778,8000;105,6000;1316,6000;2369,2000;914,7000;832,2000;5007,2002;772,1000;2700,6001;1519,3000;1478,7000;529,7000;311,8000;1155,4000;893,1000;731,1000;1128,3000;1849,1000;1452,4000;1354,8000;1415,6000;759,5000;1675,7000;701,6000;1655,4000;1396,9000;1444,0000;1173,5000;4194,7998;1168,0000;976,8000
32815,0000;313,5000;1788,3000;2239,0000;925,4000;1331,8000;1041,3000;1087,6000;1005,5000;1062,7000;1447,7000;1127,7000;688,9000;1097,3000;1423,9000;1288,8000;1422,3000;4436,7002;1024,8000;1572,4000;1007,2000;806,1000;456,6000;2911,7000;2379,3000;154,7000;787,7000;1666,4000;1589,6000;1139,3000;931,3000;636,5000;1528,5000;1357,9000;559,9000;750,0000;1142,6000;530,5000;1023,7000;713,5000;710,6000;1796,3000;352,1000;971,5000;2240,8999;1022,9000;906,1000;6135,6001;1165,4000;915,6000;4274,7998;657,9000;979,5000;672,2000;789,5000;1496,2000;778,8000;105,6000;1316,6000;2369,2000;914,7000;832,2000;5007,2002;772,1000;2700,6001;1519,3000;1478,7000;529,7000;311,8000;1155,4000;893,1000;731,1000;1128,3000;1849,1000;1452,4000;1354,8000;1415,6000;759,5000;1675,7000;701,6000;1655,4000;1396,9000;1444,0000;1173,5000;4194,7998;1168,0000;976,8000
32818,0000;307,7000;1788,3000;2261,2000;931,3000;1331,8000;1024,6000;1087,6000;992,8000;1062,7000;1423,8000;1127,7000;692,4000;1097,3000;1411,2000;1262,3000;1422,3000;4436,7002;1024,8000;1562,0000;1007,2000;806,1000;459,1000;2906,2000;2379,3000;152,2000;785,1000;1681,4000;1571,7000;1157,1000;931,3000;627,0000;1514,4000;1341,6000;555,1000;743,3000;1154,7000;520,5000;1023,7000;688,5000;717,0000;1783,7000;342,6000;961,6000;2223,7000;1005,6000;896,3000;6135,6001;1165,4000;921,9000;4261,1001;653,6000;962,0000;676,3000;789,5000;1499,7000;785,2000;105,6000;1327,3000;2377,3999;911,2000;836,1000;4995,5000;772,1000;2732,7000;1539,8000;1495,3000;529,7000;312,5000;1145,3000;885,2000;726,2000;1128,3000;1909,9000;1440,2000;1359,6000;1415,6000;749,2000;1678,5000;691,2000;1655,4000;1384,0000;1432,2000;1134,2000;4206,6001;1173,9000;950,0000
32819,0000;306,5000;1879,7000;2261,2000;913,4000;1331,8000;1024,6000;1082,9000;986,4000;1041,4000;1415,9000;1120,0000;688,9000;1074,1000;1385,8000;1235,7000;1399,2000;4430,6001;1018,4000;1579,3000;1000,3000;800,6000;456,6000;2906,2000;2374,0000;158,1000;769,3000;1659,0000;1562,8000;1127,4000;931,3000;622,3000;1488,9000;1349,8000;545,5000;723,2000;1148,6000;517,2000;1004,2000;688,5000;704,3000;1777,4000;342,6000;955,0000;2180,6001;1011,4000;896,3000;6047,8999;1151,7000;918,1000;4192,3999;640,6000;944,4000;663,9000;789,5000;1490,9000;778,8000;104,3000;1332,7000;2352,7000;894,0000;823,5000;4983,7998;765,9000;2742,3999;1509,0000;1478,7000;548,8000;311,0000;1142,0000;878,2000;701,7000;1121,0000;1930,1000;1421,8000;1357,2000;1421,4000;745,7000;1652,5000;689,1000;1612,5000;1364,7000;1408,5000;1151,7000;4194,7998;1120,8000;917,8000
32820,0000;302,6000;1925,4000;2338,7000;913,4000;1372,0000;1024,6000;1087,6000;986,4000;1036,0000;1439,7000;1112,4000;686,0000;1083,4000;1390,1000;1262,3000;1387,6000;4467,1001;1024,8000;1593,1000;993,5000;800,6000;454,2000;2873,6001;2384,6001;161,4000;777,2000;1659,0000;1562,8000;1121,5000;931,3000;636,5000;1491,7000;1374,1000;550,3000;739,9000;1184,9000;527,2000;1013,9000;699,6000;704,3000;1752,2000;352,1000;978,1000;2120,2000;1005,6000;886,4000;6573,7998;1165,4000;913,1000;4233,6001;640,6000;947,4000;672,2000;817,2000;1482,1000;778,8000;104,3000;1316,6000;2352,7000;897,4000;823,5000;5100,7998;787,7000;2781,0000;1519,3000;1470,4000;541,7000;311,4000;1142,0000;874,2000;716,4000;1128,3000;1916,6000;1440,2000;1371,8000;1421,4000;738,9000;1635,1000;691,2000;1598,3000;1377,6000;1396,7000;1151,7000;4135,7002;1103,1000;928,5000
32821,0000;302,0000;1905,8000;2383,1001;913,4000;1385,4000;1016,3000;1101,7000;986,4000;1052,0000;1415,9000;1120,0000;688,9000;1092,6000;1352,0000;1251,7000;1416,5000;4479,2002;1031,3000;1572,4000;1000,3000;795,2000;451,7000;2884,5000;2416,7000;161,4000;766,6000;1673,9000;1589,6000;1197,2000;926,8000;636,5000;1488,9000;1370,1000;545,5000;743,3000;1221,2000;523,9000;1004,2000;705,2000;717,0000;1745,9000;358,5000;974,8000;2068,5000;1005,6000;906,1000;6661,5000;1172,2000;938,4000;4206,1001;640,6000;950,3000;672,2000;804,6000;1487,4000;772,4000;104,3000;1327,3000;2311,3999;900,9000;818,7000;5059,8999;784,6000;2781,0000;1519,3000;1478,7000;553,6000;310,6000;1145,3000;870,2000;726,2000;1113,7000;1923,4000;1421,8000;1352,3000;1427,2000;745,7000;1655,4000;695,4000;1641,1000;1384,0000;1396,7000;1151,7000;4159,2998;1091,3000;917,8000
32822,0000;301,4000;1840,6000;2349,8000;913,4000;1425,5000;1016,3000;1082,9000;986,4000;1046,7000;1415,9000;1120,0000;686,7000;1088,0000;1364,7000;1262,3000;1387,6000;4467,1001;1031,3000;1565,4000;993,5000;806,1000;451,7000;2873,6001;2432,7000;155,6000;779,8000;1677,7000;1562,8000;1188,2000;935,8000;636,5000;1483,2000;1390,4000;545,5000;739,9000;1209,1000;537,2000;1013,9000;705,2000;723,3000;1733,3000;374,3000;981,4000;2068,5000;1011,4000;916,0000;6793,0000;1199,4000;933,3000;4206,1001;644,9000;956,1000;663,9000;795,8000;1535,0000;778,8000;104,3000;1316,6000;2278,3999;904,3000;826,4000;5089,1001;790,9000;2797,0000;1498,7000;1445,5000;544,1000;312,9000;1142,0000;875,2000;745,9000;1128,3000;1909,9000;1415,7000;1352,3000;1404,0000;742,3000;1678,5000;695,4000;1712,4000;1384,0000;1432,2000;1129,9000;4135,7002;1103,1000;939,3000
32825,0000;300,1000;1827,5000;2360,8999;913,4000;1405,5000;1024,6000;1073,5000;986,4000;1046,7000;1415,9000;1104,7000;687,4000;1088,0000;1373,1000;1257,0000;1387,6000;4473,2002;1034,5000;1568,9000;993,5000;800,6000;449,2000;2884,5000;2432,7000;157,3000;790,4000;1700,1000;1562,8000;1219,4000;926,8000;664,8000;1494,5000;1394,5000;545,5000;736,6000;1197,0000;530,5000;1023,7000;710,7000;723,3000;1745,9000;374,3000;981,4000;2085,8000;1011,4000;916,0000;6968,2998;1185,8000;940,9000;4123,6001;649,3000;973,7000;663,9000;804,6000;1543,8000;778,8000;104,3000;1316,6000;2261,8999;900,9000;829,3000;5118,2998;797,1000;2790,6001;1519,3000;1445,5000;536,9000;311,0000;1142,0000;884,2000;750,8000;1113,7000;1909,9000;1409,5000;1352,3000;1409,8000;749,2000;1693,0000;691,2000;1755,2000;1371,1000;1432,2000;1134,2000;4100,2998;1150,3000;928,5000
32826,0000;301,4000;1866,7000;2305,5000;913,4000;1438,9000;1007,9000;1082,9000;999,1000;1036,0000;1415,9000;1112,4000;684,6000;1092,6000;1356,2000;1246,4000;1387,6000;4473,2002;1037,7000;1572,4000;1000,3000;822,6000;454,2000;2922,6001;2395,3000;160,6000;777,2000;1745,1000;1571,7000;1240,2000;922,3000;664,8000;1488,9000;1390,4000;552,7000;743,3000;1197,0000;533,9000;1062,7000;713,5000;723,3000;1745,9000;374,3000;991,2000;2094,3999;1017,1000;896,3000;6880,6001;1172,2000;973,9000;4178,6001;636,3000;959,1000;672,2000;785,7000;1570,3000;778,8000;102,9000;1311,3000;2237,1001;900,9000;824,5000;5124,2002;787,7000;2797,0000;1529,5000;1453,8000;529,7000;312,1000;1145,3000;895,1000;745,9000;1128,3000;1849,1000;1415,7000;1340,1000;1421,4000;756,0000;1736,4000;691,2000;1769,5000;1384,0000;1455,9000;1129,9000;4076,6001;1144,4000;912,4000
32827,0000;302,0000;1866,7000;2316,6001;913,4000;1492,5000;999,6000;1073,5000;1005,5000;1036,0000;1400,0000;1112,4000;686,0000;1088,0000;1356,2000;1272,9000;1381,8000;4467,1001;1044,2000;1530,9000;1000,3000;811,6000;446,8000;2960,7000;2422,0000;157,3000;766,6000;1775,0000;1562,8000;1244,6000;913,3000;660,0000;1477,6000;1390,4000;545,5000;733,2000;1178,9000;533,9000;1033,4000;721,8000;736,0000;1802,7000;374,3000;1020,9000;2085,8000;1017,1000;901,2000;6617,7002;1213,1000;972,6000;4233,6001;636,3000;973,7000;676,3000;798,3000;1570,3000;765,9000;102,1000;1305,9000;2220,6001;907,8000;824,5000;5077,3999;787,7000;2829,2000;1498,7000;1445,5000;546,4000;309,1000;1155,4000;895,1000;731,1000;1106,5000;1882,9000;1421,8000;1328,0000;1409,8000;766,4000;1733,5000;691,2000;1755,2000;1377,6000;1455,9000;1116,8000;4076,6001;1120,8000;950,0000
32828,0000;302,6000;1860,1000;2316,6001;907,5000;1485,8000;999,6000;1068,8000;1002,3000;1036,0000;1400,0000;1112,4000;685,3000;1078,7000;1368,9000;1299,4000;1364,5000;4388,1001;1053,8000;1520,5000;993,5000;800,6000;464,1000;2998,8000;2422,0000;164,8000;764,0000;1730,1000;1562,8000;1213,5000;926,8000;650,6000;1449,3000;1386,3000;543,1000;719,9000;1184,9000;537,2000;1023,7000;724,6000;723,3000;1827,9000;377,5000;1034,0000;2077,1001;1017,1000;925,8000;6705,2998;1206,3000;957,4000;4219,7998;636,3000;991,2000;672,2000;766,9000;1557,9000;765,9000;102,1000;1300,6000;2220,6001;911,2000;818,7000;5007,2002;769,0000;2797,0000;1519,3000;1445,5000;551,2000;307,6000;1142,0000;899,1000;731,1000;1106,5000;1876,1000;1415,7000;1315,8000;1427,2000;769,8000;1704,6000;697,4000;1755,2000;1371,1000;1420,3000;1125,5000;4041,2000;1150,3000;1014,4000
32829,0000;298,8000;1860,1000;2305,5000;913,4000;1479,1000;991,3000;1059,3000;989,6000;1041,4000;1392,0000;1104,7000;688,9000;1092,6000;1381,6000;1272,9000;1358,7000;4333,3999;1063,5000;1513,6000;1000,3000;800,6000;439,4000;2949,8000;2395,3000;157,3000;766,6000;1722,6000;1553,9000;1225,3000;899,8000;641,2000;1460,6000;1374,1000;538,2000;723,2000;1197,0000;537,2000;1004,2000;713,5000;723,3000;1846,8000;380,7000;1020,9000;2068,5000;1005,6000;925,8000;7012,1001;1192,6000;948,5000;4261,1001;632,0000;991,2000;668,1000;766,9000;1535,0000;772,4000;98,9000;1316,6000;2212,3000;897,4000;813,9000;5030,6001;775,2000;2826,0000;1539,8000;1445,5000;546,4000;306,1000;1155,4000;900,1000;745,9000;1099,2000;1903,1000;1409,5000;1303,6000;1433,0000;766,4000;1693,0000;722,6000;1741,0000;1396,9000;1420,3000;1116,8000;4005,7000;1144,4000;1009,0000
32832,0000;299,5000;1860,1000;2283,3000;895,5000;1459,0000;991,3000;1064,0000;989,6000;1041,4000;1407,9000;1089,4000;706,5000;1083,4000;1390,1000;1299,4000;1364,5000;4375,8999;1053,8000;1517,1000;1000,3000;795,2000;439,4000;2993,3000;2390,0000;157,3000;769,3000;1696,4000;1544,9000;1217,9000;899,8000;650,6000;1488,9000;1398,5000;538,2000;723,2000;1184,9000;550,5000;1023,7000;710,7000;717,0000;1859,4000;387,0000;1020,9000;2068,5000;1005,6000;925,8000;7231,2002;1199,4000;954,9000;4233,6001;632,0000;997,1000;668,1000;792,0000;1508,5000;772,4000;98,9000;1311,3000;2237,1001;900,9000;816,8000;4913,6001;769,0000;2764,8999;1560,3000;1445,5000;541,7000;307,2000;1162,2000;895,1000;785,1000;1091,9000;1943,6000;1403,4000;1308,5000;1427,2000;766,4000;1693,0000;716,3000;1726,7000;1384,0000;1420,3000;1116,8000;4029,3999;1114,9000;1009,0000
32833,0000;304,6000;1860,1000;2283,3000;913,4000;1485,8000;991,3000;1064,0000;989,6000;1046,7000;1423,8000;1097,0000;720,6000;1078,7000;1394,3000;1294,1000;1381,8000;4497,5000;1053,8000;1548,2000;1007,2000;800,6000;439,4000;2982,3999;2400,6001;155,6000;756,1000;1673,9000;1536,0000;1209,0000;895,3000;641,2000;1503,0000;1439,2000;543,1000;726,5000;1187,3000;540,5000;1023,7000;719,1000;704,3000;1853,1000;380,7000;1047,2000;2085,8000;1011,4000;911,0000;7450,3999;1192,6000;937,1000;4261,1001;632,0000;985,4000;668,1000;834,8000;1535,0000;765,9000;98,1000;1322,0000;2270,1001;907,8000;818,7000;4942,8999;769,0000;2813,1001;1580,9000;1462,1000;548,8000;315,9000;1145,3000;898,1000;780,2000;1091,9000;1977,3000;1409,5000;1315,8000;1433,0000;769,8000;1693,0000;720,5000;1683,9000;1409,8000;1384,8000;1116,8000;4064,8000;1109,0000;1009,0000
32834,0000;302,0000;1879,7000;2316,6001;931,3000;1499,2000;1007,9000;1064,0000;999,1000;1046,7000;1407,9000;1104,7000;713,6000;1083,4000;1385,8000;1304,7000;1387,6000;4527,8999;1057,1000;1524,0000;1014,0000;800,6000;439,4000;2993,3000;2416,7000;155,6000;753,5000;1718,9000;1536,0000;1219,4000;899,8000;650,6000;1545,5000;1459,5000;545,5000;726,5000;1188,5000;553,9000;1013,9000;719,1000;710,6000;1872,0000;374,3000;1040,6000;2103,0000;1011,4000;911,0000;7538,0000;1206,3000;956,1000;4261,1001;632,0000;991,2000;684,6000;854,9000;1570,3000;765,9000;99,2000;1332,7000;2319,7000;921,6000;836,1000;4942,8999;772,1000;2835,6001;1580,9000;1478,7000;548,8000;315,2000;1152,1000;900,1000;790,0000;1106,5000;1970,6000;1409,5000;1335,3000;1433,0000;762,9000;1698,8000;716,3000;1712,4000;1409,8000;1396,7000;1116,8000;4017,5000;1114,9000;1009,0000
32835,0000;302,0000;1879,7000;2316,6001;931,3000;1499,2000;1007,9000;1064,0000;999,1000;1046,7000;1407,9000;1104,7000;713,6000;1083,4000;1385,8000;1304,7000;1387,6000;4527,8999;1057,1000;1524,0000;1014,0000;800,6000;439,4000;2993,3000;2416,7000;155,6000;753,5000;1718,9000;1536,0000;1219,4000;899,8000;650,6000;1545,5000;1459,5000;545,5000;726,5000;1188,5000;553,9000;1013,9000;719,1000;710,6000;1872,0000;374,3000;1040,6000;2103,0000;1011,4000;911,0000;7538,0000;1206,3000;956,1000;4261,1001;632,0000;991,2000;684,6000;854,9000;1570,3000;765,9000;99,2000;1332,7000;2319,7000;921,6000;836,1000;4942,8999;772,1000;2835,6001;1580,9000;1478,7000;548,8000;315,2000;1152,1000;900,1000;790,0000;1106,5000;1970,6000;1409,5000;1335,3000;1433,0000;762,9000;1698,8000;716,3000;1712,4000;1409,8000;1396,7000;1116,8000;4017,5000;1114,9000;1009,0000
32836,0000;306,5000;1873,2000;2316,6001;931,3000;1485,8000;1016,3000;1073,5000;1002,3000;1052,0000;1407,9000;1127,7000;727,7000;1083,4000;1390,1000;1352,4000;1399,2000;4503,6001;1063,5000;1506,7000;1000,3000;811,6000;446,8000;3020,5000;2416,7000;155,6000;750,8000;1745,1000;1536,0000;1228,3000;904,3000;641,2000;1556,8000;1443,3000;547,9000;719,9000;1209,1000;553,9000;1043,2000;716,3000;723,3000;1903,5000;380,7000;1050,5000;2094,3999;1005,6000;955,4000;7231,2002;1206,3000;971,3000;4302,2998;636,3000;1026,3000;705,2000;852,4000;1587,9000;772,4000;99,2000;1338,0000;2377,3999;945,8000;864,0000;4861,0000;772,1000;2861,3000;1591,1000;1478,7000;544,1000;312,5000;1172,3000;899,1000;799,8000;1099,2000;1943,6000;1409,5000;1328,0000;1438,8000;766,4000;1742,2000;705,8000;1769,5000;1409,8000;1408,5000;1134,2000;4100,2998;1120,8000;998,3000
32839,0000;303,9000;1866,7000;2316,6001;943,3000;1485,8000;1024,6000;1073,5000;1018,2000;1041,4000;1415,9000;1120,0000;727,7000;1083,4000;1411,2000;1363,0000;1399,2000;4442,7998;1099,0000;1486,0000;1020,9000;828,1000;441,8000;3102,2000;2416,7000;158,1000;745,6000;1823,7000;1527,1000;1283,2000;913,3000;650,6000;1571,0000;1447,3000;543,1000;735,8000;1197,0000;560,6000;1062,7000;724,6000;748,7000;1928,7000;387,0000;1057,1000;2068,5000;1011,4000;970,1000;7318,8999;1240,3000;1011,8000;4357,2998;644,9000;1046,8000;725,8000;844,8000;1623,2000;778,8000;99,4000;1359,4000;2377,3999;1007,5000;882,3000;4783,7002;778,4000;2861,3000;1591,1000;1495,3000;536,9000;313,6000;1195,9000;921,0000;814,6000;1113,7000;1930,1000;1427,9000;1315,8000;1473,6000;773,2000;1785,6000;701,6000;1783,8000;1409,8000;1455,9000;1129,9000;4100,2998;1126,7000;987,6000
32840,0000;293,7000;1860,1000;2316,6001;949,2000;1492,5000;1024,6000;1087,6000;1034,1000;1046,7000;1392,0000;1120,0000;720,6000;1078,7000;1407,0000;1352,4000;1370,2000;4375,8999;1092,5000;1479,1000;1007,2000;828,1000;441,8000;3102,2000;2448,7000;158,1000;764,0000;1842,5000;1544,9000;1287,6000;908,8000;641,2000;1554,0000;1443,3000;543,1000;729,0000;1191,0000;573,9000;1033,4000;755,1000;755,0000;1922,4000;387,0000;1067,0000;2085,8000;1011,4000;950,4000;7055,8999;1254,0000;1029,6000;4371,1001;644,9000;1052,6000;725,8000;842,3000;1607,3000;778,8000;99,2000;1343,4000;2369,2000;1007,5000;875,5000;4730,2998;794,0000;2829,2000;1591,1000;1478,7000;546,4000;312,1000;1209,3000;938,9000;824,4000;1113,7000;1896,4000;1421,8000;1291,4000;1491,0000;793,9000;1803,0000;682,8000;1755,2000;1409,8000;1432,2000;1129,9000;4159,2998;1144,4000;992,9000
32841,0000;290,6000;1847,1000;2327,7000;973,1000;1499,2000;1032,9000;1097,0000;1037,3000;1057,4000;1400,0000;1104,7000;713,6000;1088,0000;1419,6000;1378,9000;1370,2000;4375,8999;1095,7000;1496,3000;1027,7000;850,0000;441,8000;3162,0000;2443,3000;158,9000;766,6000;1891,1000;1536,0000;1311,4000;904,3000;650,6000;1542,7000;1435,1000;552,7000;735,8000;1181,3000;567,2000;1072,4000;746,8000;780,4000;1928,7000;387,0000;1067,0000;2111,6001;1034,5000;980,0000;6880,6001;1247,2000;1070,1000;4371,1001;662,2000;1078,9000;725,8000;823,4000;1621,5000;791,7000;98,9000;1343,4000;2336,2000;1000,5000;879,4000;4753,2002;803,4000;2845,3000;1591,1000;1487,0000;556,0000;309,9000;1236,3000;957,8000;804,7000;1121,0000;1909,9000;1434,0000;1284,1000;1496,8000;804,2000;1843,5000;670,2000;1783,8000;1409,8000;1515,0000;1121,1000;4171,1001;1126,7000;982,2000
32842,0000;286,8000;1853,6000;2327,7000;949,2000;1492,5000;1049,6000;1097,0000;1027,8000;1046,7000;1415,9000;1143,1000;727,7000;1101,9000;1415,4000;1378,9000;1387,6000;4388,1001;1102,2000;1527,4000;1034,6000;861,0000;451,7000;3183,8000;2448,7000;159,8000;766,6000;1894,9000;1562,8000;1308,4000;899,8000;664,8000;1542,7000;1443,3000;569,6000;732,4000;1197,0000;590,6000;1101,7000;746,8000;780,4000;1928,7000;406,1000;1070,3000;2137,5000;1063,4000;970,1000;7012,1001;1260,8000;1070,1000;4343,6001;662,2000;1081,9000;729,9000;823,4000;1623,2000;804,5000;98,9000;1343,4000;2344,3999;1004,0000;896,8000;4860,0000;800,3000;2861,3000;1632,2000;1503,7000;565,5000;313,3000;1236,3000;952,8000;824,4000;1135,6000;1896,4000;1421,8000;1298,7000;1496,8000;800,7000;1837,7000;670,2000;1755,2000;1409,8000;1538,7000;1134,2000;4218,3999;1138,5000;982,2000
32843,0000;282,9000;1840,6000;2327,7000;973,1000;1492,5000;1041,3000;1106,4000;1034,1000;1062,7000;1447,7000;1135,4000;734,8000;1101,9000;1364,7000;1357,7000;1370,2000;4388,1001;1105,4000;1537,8000;1034,6000;844,5000;449,2000;3211,0000;2464,7000;167,3000;764,0000;1894,9000;1589,6000;1283,2000;899,8000;669,5000;1517,2000;1422,9000;559,9000;742,5000;1195,8000;583,9000;1072,4000;738,5000;761,4000;1909,8000;406,1000;1063,7000;2189,2000;1051,8000;975,1000;7099,7998;1254,0000;1044,8000;4316,1001;662,2000;1067,2000;725,8000;842,3000;1596,8000;791,7000;99,4000;1327,3000;2319,7000;1007,5000;885,2000;4913,3999;800,3000;2877,3999;1632,2000;1478,7000;565,5000;313,6000;1236,3000;939,9000;809,6000;1150,1000;1903,1000;1421,8000;1313,3000;1502,6000;793,9000;1808,8000;684,9000;1712,4000;1416,2000;1515,0000;1151,7000;4159,2998;1150,3000;966,1000
32846,0000;301,4000;1840,6000;2216,8000;973,1000;1465,7000;1057,9000;1115,8000;1027,8000;1068,1000;1439,7000;1135,4000;727,7000;1106,5000;1347,8000;1357,7000;1381,8000;4497,5000;1105,4000;1548,2000;1055,1000;866,4000;454,2000;3211,0000;2464,7000;167,3000;769,3000;1909,9000;1589,6000;1317,3000;890,8000;688,3000;1565,3000;1447,3000;559,9000;739,1000;1245,4000;593,9000;1101,7000;757,9000;767,7000;1947,6000;409,2000;1113,1000;2154,7000;1051,8000;989,8000;7275,1001;1288,0000;1053,6000;4384,7998;670,9000;1102,3000;721,7000;842,3000;1623,2000;791,7000;100,5000;1332,7000;2303,1001;1011,1000;898,7000;4982,1001;800,3000;2922,3999;1683,5000;1462,1000;570,3000;318,6000;1246,4000;946,8000;814,6000;1164,7000;1903,1000;1421,8000;1335,3000;1502,6000;797,3000;1785,6000;680,7000;1798,1000;1429,1000;1562,4000;1147,3000;4135,7002;1144,4000;998,3000
32847,0000;299,5000;1853,6000;2316,6001;985,1000;1472,4000;1057,9000;1125,3000;1037,3000;1062,7000;1423,8000;1143,1000;741,8000;1115,8000;1343,6000;1373,6000;1399,2000;4546,1001;1111,9000;1555,1000;1034,6000;850,0000;454,2000;3265,3999;2475,3000;167,3000;769,3000;1984,8000;1562,8000;1330,7000;890,8000;669,5000;1545,5000;1459,5000;559,9000;755,9000;1317,9000;583,9000;1111,4000;769,0000;774,1000;1947,6000;396,6000;1093,3000;2154,7000;1057,6000;1004,6000;7099,7998;1281,2000;1072,6000;4398,5000;670,9000;1099,4000;734,0000;842,3000;1644,4000;791,7000;98,9000;1370,1000;2278,3999;1018,1000;894,9000;4982,1001;800,3000;2970,6001;1683,5000;1495,3000;570,3000;318,6000;1253,1000;946,8000;804,7000;1164,7000;1896,4000;1421,8000;1335,3000;1496,8000;797,3000;1858,0000;678,6000;1826,6000;1442,0000;1562,4000;1143,0000;4100,2998;1156,2000;982,2000
32848,0000;298,2000;1834,0000;2349,8000;985,1000;1485,8000;1074,6000;1139,4000;1046,9000;1068,1000;1423,8000;1135,4000;741,8000;1120,4000;1364,7000;1373,6000;1439,6000;4619,0000;1128,0000;1572,4000;1041,4000;839,0000;444,3000;3265,3999;2502,0000;165,6000;790,4000;1992,2000;1580,6000;1320,3000;899,8000;669,5000;1534,2000;1483,9000;564,8000;762,6000;1293,7000;587,2000;1101,7000;749,6000;774,1000;1979,1000;402,9000;1086,7000;2189,2000;1057,6000;999,7000;7143,6001;1267,6000;1063,8000;4439,7998;666,6000;1105,3000;738,2000;817,2000;1649,7000;804,5000;98,9000;1364,8000;2319,7000;1032,3000;908,4000;4997,3999;806,5000;3051,0000;1663,0000;1503,7000;577,5000;321,6000;1276,7000;954,8000;804,7000;1179,3000;1903,1000;1446,3000;1347,4000;1531,6000;787,0000;1863,8000;678,6000;1798,1000;1442,0000;1562,4000;1151,7000;4230,2002;1173,9000;966,1000
32849,0000;302,0000;1834,0000;2327,7000;997,0000;1499,2000;1041,3000;1120,5000;1059,6000;1052,0000;1447,7000;1143,1000;756,0000;1115,8000;1423,9000;1363,0000;1422,3000;4679,7998;1140,9000;1603,5000;1014,0000;828,1000;446,8000;3385,2000;2518,0000;165,6000;785,1000;1962,3000;1580,6000;1312,9000;908,8000;660,0000;1559,6000;1496,1000;564,8000;762,6000;1305,8000;580,6000;1082,2000;741,3000;748,7000;1998,0000;399,7000;1073,6000;2197,8000;1057,6000;999,7000;7143,6001;1254,0000;1047,3000;4536,0000;670,9000;1119,9000;738,2000;836,0000;1632,0000;811,0000;100,2000;1391,6000;2336,2000;1060,6000;905,5000;4959,2002;809,6000;3038,2000;1704,0000;1495,3000;572,7000;325,0000;1286,8000;950,8000;799,8000;1172,0000;1916,6000;1464,7000;1379,1000;1531,6000;790,4000;1829,0000;691,2000;1741,0000;1435,5000;1538,7000;1147,3000;4159,2998;1168,0000;966,1000
32850,0000;298,2000;1853,6000;2438,5000;979,1000;1485,8000;1032,9000;1125,3000;1050,0000;1046,7000;1447,7000;1127,7000;741,8000;1101,9000;1394,3000;1341,8000;1381,8000;4661,6001;1140,9000;1586,2000;1014,0000;822,6000;451,7000;3374,3000;2496,7000;167,3000;790,4000;1954,8000;1553,9000;1299,5000;899,8000;660,0000;1534,2000;1483,9000;555,1000;755,9000;1269,6000;590,6000;1091,9000;730,2000;755,0000;1985,4000;402,9000;1067,0000;2206,3999;1046,0000;994,8000;7012,1001;1260,8000;1038,4000;4494,7998;670,9000;1114,0000;717,5000;836,0000;1633,8000;804,5000;100,2000;1391,6000;2327,8999;1057,0000;894,9000;4921,1001;803,4000;3047,8000;1704,0000;1478,7000;563,2000;326,5000;1280,1000;949,8000;799,8000;1201,1000;1889,6000;1440,2000;1354,8000;1514,2000;790,4000;1823,2000;691,2000;1769,5000;1435,5000;1538,7000;1147,3000;4147,5000;1150,3000;966,1000
32853,0000;298,8000;1834,0000;2394,2000;991,0000;1485,8000;1032,9000;1130,0000;1062,8000;1041,4000;1423,8000;1120,0000;734,8000;1101,9000;1407,0000;1336,5000;1381,8000;4740,6001;1144,1000;1582,7000;1014,0000;828,1000;449,2000;3401,5000;2480,7000;169,0000;777,2000;1962,3000;1544,9000;1290,6000;899,8000;674,2000;1503,0000;1488,0000;559,9000;755,9000;1293,7000;610,6000;1082,2000;735,7000;748,7000;1960,2000;406,1000;1080,1000;2154,7000;1051,8000;980,0000;6661,5000;1254,0000;1044,8000;4536,0000;662,2000;1093,6000;729,9000;836,0000;1626,8000;804,5000;97,6000;1375,5000;2294,8999;1050,0000;898,7000;4921,1001;812,8000;3028,5000;1704,0000;1478,7000;570,3000;326,9000;1283,5000;947,8000;819,5000;1208,4000;1889,6000;1427,9000;1359,6000;1514,2000;787,0000;1829,0000;684,9000;1769,5000;1416,2000;1515,0000;1134,2000;4076,6001;1144,4000;955,4000
32854,0000;296,3000;1860,1000;2383,1001;997,0000;1485,8000;1057,9000;1125,3000;1056,4000;1052,0000;1447,7000;1127,7000;741,8000;1097,3000;1402,7000;1315,3000;1410,7000;4764,8999;1160,2000;1575,8000;1020,9000;833,5000;446,8000;3406,8999;2480,7000;171,5000;782,5000;1932,3000;1544,9000;1290,6000;899,8000;669,5000;1517,2000;1488,0000;555,1000;745,8000;1293,7000;624,0000;1072,4000;727,4000;742,3000;1960,2000;399,7000;1070,3000;2154,7000;1046,0000;960,3000;6836,7998;1247,2000;1039,7000;4536,0000;657,9000;1073,1000;725,8000;829,7000;1623,2000;804,5000;98,9000;1391,6000;2286,6001;1042,9000;899,7000;4882,8999;803,4000;3022,1001;1724,6000;1478,7000;565,5000;326,9000;1276,7000;944,8000;824,4000;1193,8000;1889,6000;1421,8000;1366,9000;1520,0000;776,7000;1823,2000;693,3000;1741,0000;1403,3000;1515,0000;1143,0000;4100,2998;1132,6000;955,4000
32855,0000;305,2000;1834,0000;2383,1001;1003,0000;1492,5000;1066,3000;1115,8000;1056,4000;1046,7000;1479,5000;1166,1000;727,7000;1097,3000;1364,7000;1310,0000;1416,5000;4819,6001;1169,9000;1596,5000;1034,6000;839,0000;444,3000;3396,0000;2496,7000;173,1000;779,8000;1932,3000;1571,7000;1284,7000;895,3000;669,5000;1528,5000;1504,2000;569,6000;755,9000;1293,7000;647,3000;1091,9000;735,7000;742,3000;1966,5000;418,8000;1067,0000;2197,8000;1051,8000;960,3000;6924,3999;1240,3000;1015,6000;4577,2002;649,3000;1081,9000;721,7000;829,7000;1621,5000;811,0000;100,2000;1370,1000;2294,8999;1028,7000;940,3000;4959,2002;803,4000;3006,0000;1806,7000;1478,7000;558,4000;330,7000;1259,9000;939,9000;844,0000;1215,7000;1896,4000;1427,9000;1376,7000;1520,0000;787,0000;1820,4000;712,1000;1726,7000;1409,8000;1515,0000;1147,3000;4053,0000;1150,3000;950,0000
32856,0000;310,9000;1827,5000;2372,0000;985,1000;1485,8000;1041,3000;1106,4000;1053,2000;1052,0000;1463,6000;1166,1000;734,8000;1106,5000;1377,4000;1288,8000;1422,3000;4813,5000;1166,6000;1579,3000;1041,4000;833,5000;449,2000;3417,8000;2502,0000;166,5000;774,6000;1932,3000;1562,8000;1289,1000;899,8000;655,3000;1545,5000;1512,4000;562,4000;749,2000;1293,7000;634,0000;1082,2000;730,2000;742,3000;1972,8000;415,6000;1070,3000;2189,2000;1051,8000;960,3000;6793,0000;1226,7000;1029,6000;4591,0000;649,3000;1070,2000;717,5000;823,4000;1617,9000;817,4000;100,2000;1391,6000;2311,3999;1018,1000;944,2000;4921,1001;794,0000;2989,8999;1806,7000;1478,7000;567,9000;328,8000;1249,8000;939,9000;829,3000;1201,1000;1869,4000;1427,9000;1376,7000;1525,8000;787,0000;1800,1000;712,1000;1712,4000;1409,8000;1491,4000;1147,3000;4053,0000;1126,7000;928,5000
32857,0000;308,4000;1847,1000;2360,8999;973,1000;1485,8000;1057,9000;1111,1000;1050,0000;1046,7000;1471,5000;1150,7000;727,7000;1088,0000;1360,5000;1272,9000;1428,1000;4795,2998;1160,2000;1579,3000;1027,7000;822,6000;449,2000;3412,3999;2480,7000;165,6000;782,5000;1917,3000;1562,8000;1293,6000;895,3000;660,0000;1542,7000;1500,2000;567,2000;759,3000;1269,6000;657,3000;1101,7000;744,0000;736,0000;1966,5000;425,1000;1076,9000;2171,8999;1063,4000;955,4000;6749,1001;1240,3000;1049,8000;4604,7002;649,3000;1076,0000;721,7000;834,8000;1605,6000;823,9000;102,7000;1396,9000;2294,8999;1018,1000;933,6000;4852,3999;803,4000;3012,3999;1796,4000;1470,4000;558,4000;325,0000;1249,8000;943,8000;844,0000;1186,5000;1835,6000;1421,8000;1362,1000;1531,6000;783,5000;1800,1000;707,9000;1698,2000;1396,9000;1503,2000;1138,6000;4041,2000;1150,3000;939,3000
32860,0000;309,0000;1847,1000;2349,8000;979,1000;1519,2000;1057,9000;1120,5000;1056,4000;1041,4000;1447,7000;1166,1000;734,8000;1097,3000;1364,7000;1294,1000;1422,3000;4758,7998;1176,3000;1579,3000;1034,6000;833,5000;451,7000;3428,7000;2502,0000;161,4000;777,2000;1928,6000;1562,8000;1284,7000;895,3000;650,6000;1503,0000;1467,7000;564,8000;759,3000;1293,7000;667,3000;1082,2000;749,6000;729,7000;1985,4000;425,1000;1073,6000;2154,7000;1046,0000;975,1000;6749,1001;1247,2000;1044,8000;4618,5000;644,9000;1078,9000;717,5000;836,0000;1614,4000;823,9000;101,6000;1418,3000;2286,6001;1018,1000;928,7000;4837,1001;809,6000;3018,8999;1786,2000;1478,7000;558,4000;325,0000;1263,2000;940,9000;848,9000;1186,5000;1835,6000;1415,7000;1347,4000;1531,6000;783,5000;1808,8000;703,7000;1726,7000;1403,3000;1479,5000;1143,0000;4064,8000;1120,8000;939,3000
32861,0000;305,2000;1827,5000;2305,5000;973,1000;1519,2000;1049,6000;1101,7000;1050,0000;1025,3000;1415,9000;1150,7000;734,8000;1088,0000;1343,6000;1299,4000;1410,7000;4679,7998;1169,9000;1551,6000;1020,9000;822,6000;446,8000;3401,5000;2464,7000;163,9000;779,8000;1853,7000;1562,8000;1256,5000;886,3000;636,5000;1503,0000;1439,2000;555,1000;745,8000;1245,4000;650,6000;1062,7000;721,8000;736,0000;1947,6000;421,9000;1040,6000;2120,2000;1028,7000;950,4000;6617,7002;1213,1000;1023,2000;4604,7002;640,6000;1064,3000;709,3000;834,8000;1557,9000;811,0000;100,2000;1418,3000;2278,3999;1011,1000;923,9000;4783,7002;794,0000;2986,7000;1755,4000;1478,7000;546,4000;322,0000;1246,4000;939,9000;829,3000;1193,8000;1849,1000;1409,5000;1325,5000;1520,0000;769,8000;1739,3000;695,4000;1698,2000;1390,5000;1455,9000;1134,2000;4076,6001;1120,8000;912,4000
32862,0000;305,2000;1840,6000;2338,7000;967,2000;1525,9000;1024,6000;1097,0000;1040,5000;929,2000;1400,0000;1135,4000;734,8000;1101,9000;1347,8000;1288,8000;1387,6000;4679,7998;1163,4000;1537,8000;1014,0000;811,6000;449,2000;3423,3000;2427,3000;158,9000;764,0000;1891,1000;1562,8000;1240,2000;895,3000;641,2000;1503,0000;1422,9000;555,1000;745,8000;1257,5000;660,7000;1082,2000;719,1000;723,3000;1953,9000;425,1000;1014,3000;2111,6001;1040,2000;935,7000;6573,7998;1206,3000;1030,8000;4618,5000;640,6000;1049,7000;709,3000;829,7000;1559,7000;798,1000;100,0000;1445,1000;2278,3999;1004,0000;914,2000;4760,7998;781,5000;2970,6001;1745,1000;1478,7000;558,4000;319,3000;1246,4000;939,9000;824,4000;1193,8000;1849,1000;1409,5000;1313,3000;1531,6000;745,7000;1779,8000;691,2000;1683,9000;1403,3000;1467,7000;1121,1000;3993,8999;1120,8000;901,7000
32863,0000;310,9000;1840,6000;2316,6001;955,2000;1525,9000;1041,3000;1097,0000;1040,5000;929,2000;1407,9000;1150,7000;727,7000;1097,3000;1335,1000;1278,2000;1393,4000;4667,7002;1169,9000;1520,5000;1007,2000;811,6000;451,7000;3401,5000;2427,3000;155,6000;764,0000;1857,4000;1553,9000;1238,7000;899,8000;622,3000;1500,2000;1406,7000;555,1000;745,8000;1257,5000;650,6000;1072,4000;705,2000;723,3000;1922,4000;409,2000;991,2000;2085,8000;1051,8000;925,8000;6398,5000;1172,2000;1015,6000;4604,7002;640,6000;1020,5000;701,1000;829,7000;1579,1000;804,5000;98,9000;1413,0000;2253,6001;1000,5000;904,5000;4799,0000;769,0000;2973,8999;1734,8000;1470,4000;551,2000;315,9000;1229,6000;937,9000;814,6000;1193,8000;1828,9000;1409,5000;1301,1000;1514,2000;745,7000;1753,8000;691,2000;1655,4000;1384,0000;1455,9000;1121,1000;3970,3000;1120,8000;891,0000
32864,0000;308,4000;1847,1000;2316,6001;961,2000;1512,6000;1016,3000;1087,6000;1027,8000;897,2000;1400,0000;1143,1000;734,8000;1083,4000;1335,1000;1246,4000;1404,9000;4692,0000;1157,0000;1524,0000;1014,0000;806,1000;446,8000;3390,6001;2406,0000;158,9000;764,0000;1835,0000;1553,9000;1215,0000;886,3000;627,0000;1500,2000;1402,6000;547,9000;732,4000;1233,3000;640,6000;1043,2000;705,2000;710,6000;1909,8000;409,2000;978,1000;2128,8999;1040,2000;911,0000;6267,1001;1151,7000;999,2000;4632,2002;632,0000;1020,5000;684,6000;818,4000;1579,1000;817,4000;97,8000;1423,7000;2261,8999;982,8000;906,5000;4776,1001;759,6000;3015,6001;1745,1000;1478,7000;558,4000;317,4000;1243,0000;927,9000;809,6000;1164,7000;1828,9000;1409,5000;1298,7000;1508,4000;735,4000;1736,4000;680,7000;1655,4000;1371,1000;1444,0000;1099,3000;3993,8999;1109,0000;874,9000
32867,0000;308,4000;1847,1000;2316,6001;961,2000;1512,6000;1016,3000;1087,6000;1027,8000;897,2000;1400,0000;1143,1000;734,8000;1083,4000;1335,1000;1246,4000;1404,9000;4692,0000;1157,0000;1524,0000;1014,0000;806,1000;446,8000;3390,6001;2406,0000;158,9000;764,0000;1835,0000;1553,9000;1215,0000;886,3000;627,0000;1500,2000;1402,6000;547,9000;732,4000;1233,3000;640,6000;1043,2000;705,2000;710,6000;1909,8000;409,2000;978,1000;2128,8999;1040,2000;911,0000;6267,1001;1151,7000;999,2000;4632,2002;632,0000;1020,5000;684,6000;818,4000;1579,1000;817,4000;97,8000;1423,7000;2261,8999;982,8000;906,5000;4776,1001;759,6000;3015,6001;1745,1000;1478,7000;558,4000;317,4000;1243,0000;927,9000;809,6000;1164,7000;1828,9000;1409,5000;1298,7000;1508,4000;735,4000;1736,4000;680,7000;1655,4000;1371,1000;1444,0000;1099,3000;3993,8999;1109,0000;874,9000
32868,0000;317,9000;1847,1000;2327,7000;985,1000;1534,6000;1024,6000;1122,7000;1050,0000;949,8000;1452,7000;1166,1000;734,8000;1106,5000;1343,6000;1267,6000;1426,6000;4922,8999;1189,2000;1565,4000;1062,0000;839,0000;456,6000;3532,1001;2502,0000;161,4000;785,1000;1891,1000;1580,6000;1215,0000;901,5000;636,5000;1545,5000;1459,5000;564,8000;749,2000;1269,6000;650,6000;1101,7000;708,0000;736,0000;1941,3000;418,8000;984,6000;2154,7000;1092,3000;950,4000;6617,7002;1158,6000;1006,8000;4824,6001;644,9000;1023,4000;688,7000;828,5000;1573,8000;811,0000;101,3000;1445,1000;2327,8999;1007,5000;926,8000;4882,8999;765,9000;3211,8000;1909,3000;1478,7000;584,6000;325,0000;1256,5000;922,9000;829,3000;1222,9000;1855,9000;1409,5000;1357,2000;1537,5000;752,6000;1771,2000;701,6000;1669,6000;1403,3000;1491,4000;1138,2000;4064,8000;1109,0000;901,7000
32869,0000;324,3000;1840,6000;2349,8000;985,1000;1483,0000;1032,9000;1108,5000;1043,7000;933,7000;1468,6000;1173,7000;734,8000;1106,5000;1335,1000;1262,3000;1438,2000;5135,6001;1179,5000;1582,7000;1055,1000;833,5000;459,1000;3466,8000;2518,0000;156,4000;808,8000;1861,2000;1616,4000;1228,3000;897,0000;641,2000;1537,0000;1475,8000;572,0000;752,6000;1293,7000;644,0000;1091,9000;696,8000;736,0000;1903,5000;425,1000;974,8000;2163,3000;1098,0000;935,7000;6705,2998;1144,9000;1006,8000;5017,1001;640,6000;1032,2000;692,8000;828,5000;1549,1000;836,7000;104,8000;1434,4000;2327,8999;996,9000;932,6000;5104,2002;762,7000;3279,3000;1878,5000;1478,7000;596,6000;331,8000;1259,9000;922,9000;834,2000;1222,9000;1815,4000;1409,5000;1384,0000;1520,0000;749,2000;1756,7000;705,8000;1655,4000;1422,6000;1491,4000;1133,8000;4064,8000;1126,7000;901,7000
32870,0000;321,7000;1847,1000;2383,1001;979,1000;1527,3000;1049,6000;1103,8000;1053,2000;906,8000;1468,6000;1166,1000;727,7000;1097,3000;1352,0000;1235,7000;1432,4000;5099,2002;1160,2000;1555,1000;1055,1000;833,5000;451,7000;3472,2000;2507,3000;155,6000;800,9000;1872,4000;1607,4000;1213,5000;888,0000;641,2000;1537,0000;1463,6000;572,0000;745,8000;1293,7000;650,6000;1082,2000;702,4000;729,7000;1890,9000;418,8000;964,9000;2146,1001;1098,0000;945,5000;6705,2998;1172,2000;1001,7000;5305,7002;636,3000;1014,6000;717,5000;853,6000;1552,6000;823,9000;105,1000;1429,0000;2336,2000;1007,5000;933,6000;5096,5000;769,0000;3211,8000;1868,3000;1470,4000;594,2000;329,9000;1253,1000;923,9000;834,2000;1230,2000;1855,9000;1427,9000;1401,0000;1520,0000;749,2000;1765,4000;699,5000;1655,4000;1435,5000;1515,0000;1120,6000;4064,8000;1097,2000;923,2000
32871,0000;317,9000;1853,6000;2405,2000;979,1000;1571,5000;1049,6000;1122,7000;1066,0000;906,8000;1460,6000;1166,1000;720,6000;1106,5000;1335,1000;1246,4000;1444,0000;5099,2002;1169,9000;1544,7000;1034,6000;833,5000;451,7000;3472,2000;2480,7000;157,3000;798,3000;1879,9000;1580,6000;1216,4000;919,5000;650,6000;1528,5000;1479,8000;559,9000;752,6000;1293,7000;670,7000;1072,4000;691,3000;729,7000;1922,4000;441,0000;968,2000;2128,8999;1080,7000;945,5000;6573,7998;1179,0000;1004,2000;5305,7002;636,3000;1005,8000;721,7000;853,6000;1584,4000;823,9000;104,3000;1439,7000;2352,7000;989,9000;934,5000;5050,7998;762,7000;3215,0000;1909,3000;1487,0000;603,7000;327,2000;1256,5000;918,0000;858,7000;1237,5000;1862,6000;1421,8000;1391,3000;1525,8000;749,2000;1791,4000;693,3000;1669,6000;1448,4000;1503,2000;1111,9000;4064,8000;1109,0000;917,8000
32874,0000;317,9000;1853,6000;2405,2000;979,1000;1571,5000;1049,6000;1122,7000;1066,0000;906,8000;1460,6000;1166,1000;720,6000;1106,5000;1335,1000;1246,4000;1444,0000;5099,2002;1169,9000;1544,7000;1034,6000;833,5000;451,7000;3472,2000;2480,7000;157,3000;798,3000;1879,9000;1580,6000;1216,4000;919,5000;650,6000;1528,5000;1479,8000;559,9000;752,6000;1293,7000;670,7000;1072,4000;691,3000;729,7000;1922,4000;441,0000;968,2000;2128,8999;1080,7000;945,5000;6573,7998;1179,0000;1004,2000;5305,7002;636,3000;1005,8000;721,7000;853,6000;1584,4000;823,9000;104,3000;1439,7000;2352,7000;989,9000;934,5000;5050,7998;762,7000;3215,0000;1909,3000;1487,0000;603,7000;327,2000;1256,5000;918,0000;858,7000;1237,5000;1862,6000;1421,8000;1391,3000;1525,8000;749,2000;1791,4000;693,3000;1669,6000;1448,4000;1503,2000;1111,9000;4064,8000;1109,0000;917,8000
32875,0000;317,9000;1853,6000;2405,2000;979,1000;1571,5000;1049,6000;1122,7000;1066,0000;906,8000;1460,6000;1166,1000;720,6000;1106,5000;1335,1000;1246,4000;1444,0000;5099,2002;1169,9000;1544,7000;1034,6000;833,5000;451,7000;3472,2000;2480,7000;157,3000;798,3000;1879,9000;1580,6000;1216,4000;919,5000;650,6000;1528,5000;1479,8000;559,9000;752,6000;1293,7000;670,7000;1072,4000;691,3000;729,7000;1922,4000;441,0000;968,2000;2128,8999;1080,7000;945,5000;6573,7998;1179,0000;1004,2000;5305,7002;636,3000;1005,8000;721,7000;853,6000;1584,4000;823,9000;104,3000;1439,7000;2352,7000;989,9000;934,5000;5050,7998;762,7000;3215,0000;1909,3000;1487,0000;603,7000;327,2000;1256,5000;918,0000;858,7000;1237,5000;1862,6000;1421,8000;1391,3000;1525,8000;749,2000;1791,4000;693,3000;1669,6000;1448,4000;1503,2000;1111,9000;4064,8000;1109,0000;917,8000
32876,0000;317,9000;1853,6000;2405,2000;979,1000;1571,5000;1049,6000;1122,7000;1066,0000;906,8000;1460,6000;1166,1000;720,6000;1106,5000;1335,1000;1246,4000;1444,0000;5099,2002;1169,9000;1544,7000;1034,6000;833,5000;451,7000;3472,2000;2480,7000;157,3000;798,3000;1879,9000;1580,6000;1216,4000;919,5000;650,6000;1528,5000;1479,8000;559,9000;752,6000;1293,7000;670,7000;1072,4000;691,3000;729,7000;1922,4000;441,0000;968,2000;2128,8999;1080,7000;945,5000;6573,7998;1179,0000;1004,2000;5305,7002;636,3000;1005,8000;721,7000;853,6000;1584,4000;823,9000;104,3000;1439,7000;2352,7000;989,9000;934,5000;5050,7998;762,7000;3215,0000;1909,3000;1487,0000;603,7000;327,2000;1256,5000;918,0000;858,7000;1237,5000;1862,6000;1421,8000;1391,3000;1525,8000;749,2000;1791,4000;693,3000;1669,6000;1448,4000;1503,2000;1111,9000;4064,8000;1109,0000;917,8000
32877,0000;315,4000;1847,1000;2383,1001;985,1000;1549,4000;1032,9000;1122,7000;1015,0000;933,7000;1484,6000;1189,1000;734,8000;1106,5000;1343,6000;1230,4000;1449,8000;5141,7002;1163,4000;1562,0000;1075,7000;866,4000;456,6000;3548,3999;2496,7000;161,4000;798,3000;1857,4000;1598,5000;1206,1000;919,5000;636,5000;1545,5000;1479,8000;576,8000;752,6000;1317,9000;664,0000;1121,2000;685,7000;742,3000;1909,8000;437,8000;941,8000;2111,6001;1126,9000;925,8000;6573,7998;1172,2000;1001,7000;5140,7998;640,6000;1002,9000;713,4000;851,1000;1565,0000;856,0000;105,1000;1439,7000;2385,7000;979,3000;1025,5000;5058,3999;765,9000;3279,3000;1940,1000;1545,2000;601,3000;329,1000;1209,3000;916,0000;848,9000;1281,2000;1842,4000;1446,3000;1391,3000;1496,8000;732,0000;1750,9000;693,3000;1626,8000;1461,3000;1550,5000;1129,4000;4064,8000;1091,3000;912,4000
32878,0000;312,8000;1847,1000;2338,7000;985,1000;1519,9000;1016,3000;1122,7000;1018,2000;917,6000;1468,6000;1158,4000;748,9000;1083,4000;1326,7000;1219,8000;1444,0000;5068,7998;1134,4000;1534,3000;1048,3000;861,0000;461,6000;3548,3999;2454,0000;158,1000;787,7000;1827,5000;1580,6000;1188,2000;901,5000;631,8000;1576,6000;1463,6000;569,6000;725,7000;1342,1000;644,0000;1091,9000;674,6000;729,7000;1890,9000;425,1000;941,8000;2154,7000;1115,4000;896,3000;6486,2002;1138,1000;977,7000;5017,1001;632,0000;994,1000;701,1000;818,4000;1545,6000;830,3000;103,7000;1402,3000;2394,0000;961,6000;996,4000;4989,7002;753,4000;3182,8000;1868,3000;1578,4000;587,0000;323,5000;1222,8000;916,0000;824,4000;1273,9000;1808,6000;1427,9000;1376,7000;1444,6000;732,0000;1722,0000;703,7000;1598,3000;1422,6000;1491,4000;1111,9000;4064,8000;1085,4000;896,3000
32881,0000;319,8000;1853,6000;2338,7000;979,1000;1512,5000;1016,3000;1108,5000;1021,4000;922,9000;1468,6000;1173,7000;734,8000;1083,4000;1326,7000;1203,9000;1455,6000;5014,1001;1134,4000;1537,8000;1055,1000;861,0000;451,7000;3521,2000;2432,7000;157,3000;790,4000;1823,7000;1589,6000;1194,2000;901,5000;627,0000;1604,9000;1443,3000;576,8000;729,0000;1342,1000;637,3000;1101,7000;677,4000;736,0000;1890,9000;418,8000;935,2000;2128,8999;1115,4000;906,1000;6442,3999;1131,3000;976,4000;4948,3999;640,6000;973,7000;701,1000;814,6000;1517,4000;836,7000;103,7000;1413,0000;2360,8999;961,6000;986,8000;4959,2002;747,1000;3105,7000;1878,5000;1578,4000;587,0000;323,5000;1212,7000;922,9000;824,4000;1303,0000;1828,9000;1440,2000;1366,9000;1433,0000;728,6000;1733,5000;716,3000;1598,3000;1416,2000;1491,4000;1107,5000;4064,8000;1097,2000;891,0000
32882,0000;340,2000;1847,1000;2338,7000;967,2000;1519,9000;1007,9000;1117,9000;1018,2000;928,3000;1484,6000;1181,4000;741,8000;1092,6000;1330,9000;1172,1000;1438,2000;4971,5000;1140,9000;1555,1000;1034,6000;850,0000;456,6000;3428,7000;2400,6001;152,2000;785,1000;1827,5000;1580,6000;1152,6000;901,5000;617,6000;1689,9000;1418,9000;572,0000;725,7000;1330,0000;624,0000;1082,2000;663,5000;729,7000;1890,9000;412,4000;922,1000;2154,7000;1109,6000;901,2000;6617,7002;1097,2000;973,9000;4838,3999;640,6000;979,5000;701,1000;817,2000;1485,6000;843,2000;100,5000;1418,3000;2352,7000;954,5000;996,4000;4959,2002;722,1000;3150,7000;1868,3000;1553,5000;575,1000;325,7000;1212,7000;922,9000;799,8000;1273,9000;1855,9000;1440,2000;1403,5000;1433,0000;707,9000;1727,7000;741,4000;1612,5000;1409,8000;1467,7000;1120,6000;4029,3999;1085,4000;880,2000
32883,0000;358,0000;1827,5000;2372,0000;961,2000;1519,9000;999,6000;1103,8000;989,6000;906,8000;1468,6000;1189,1000;741,8000;1083,4000;1314,0000;1161,5000;1415,0000;5087,0000;1118,3000;1600,0000;1041,4000;844,5000;451,7000;3330,7000;2400,6001;158,1000;774,6000;1797,5000;1571,7000;1160,1000;901,5000;594,0000;1780,4000;1390,4000;567,2000;732,4000;1317,9000;607,3000;1072,4000;658,0000;704,3000;1878,3000;409,2000;902,3000;2223,7000;1086,5000;886,4000;6968,2998;1056,3000;961,2000;4879,6001;636,3000;953,2000;688,7000;810,9000;1517,4000;836,7000;109,6000;1391,6000;2313,8999;954,5000;996,4000;5027,8999;703,3000;3150,7000;1878,5000;1528,6000;582,2000;327,6000;1179,0000;911,0000;785,1000;1273,9000;1842,4000;1440,2000;1403,5000;1433,0000;714,8000;1707,5000;745,6000;1612,5000;1409,8000;1444,0000;1116,3000;4053,0000;1067,7000;853,4000
32884,0000;356,7000;1840,6000;2360,8999;925,4000;1505,1000;1007,9000;1103,8000;980,0000;928,3000;1492,6000;1196,8000;741,8000;1101,9000;1318,2000;1140,3000;1449,8000;5093,1001;1108,6000;1596,5000;1062,0000;839,0000;451,7000;3330,7000;2352,6001;156,4000;771,9000;1790,0000;1598,5000;1186,8000;901,5000;617,6000;1732,3000;1402,6000;569,6000;722,3000;1390,5000;624,0000;1072,4000;655,2000;704,3000;1872,0000;418,8000;899,0000;2266,8000;1098,0000;876,6000;7143,6001;1090,4000;967,5000;4810,8999;632,0000;956,1000;684,6000;815,9000;1517,4000;836,7000;117,4000;1434,4000;2410,5000;968,6000;1006,1000;5081,2998;725,2000;3163,5000;1909,3000;1545,2000;579,9000;326,9000;1179,0000;911,0000;804,7000;1273,9000;1889,6000;1470,8000;1474,1000;1479,4000;707,9000;1707,5000;741,4000;1598,3000;1435,5000;1444,0000;1129,4000;4230,2002;1067,7000;864,1000
32885,0000;357,3000;1834,0000;2327,7000;943,3000;1512,5000;999,6000;1084,9000;964,1000;912,2000;1476,6000;1212,1000;727,7000;1092,6000;1309,8000;1150,9000;1420,8000;5044,5000;1108,6000;1558,5000;1055,1000;822,6000;449,2000;3249,1001;2336,6001;157,3000;764,0000;1767,6000;1589,6000;1157,1000;892,5000;598,8000;1723,8000;1390,4000;567,2000;722,3000;1378,4000;610,6000;1043,2000;649,7000;704,3000;1777,4000;412,4000;902,3000;2249,5000;1074,9000;891,3000;7362,7002;1070,0000;959,9000;5017,1001;623,3000;944,4000;672,2000;814,6000;1490,9000;823,9000;117,6000;1391,6000;2410,5000;961,6000;977,1000;5005,0000;722,1000;3215,0000;1919,6000;1512,0000;575,1000;323,1000;1172,3000;897,0000;790,0000;1244,8000;1855,9000;1464,7000;1437,6000;1421,4000;701,1000;1695,9000;731,0000;1584,0000;1422,6000;1396,7000;1120,6000;4183,0000;1055,9000;842,6000
32888,0000;357,3000;1834,0000;2327,7000;943,3000;1512,5000;999,6000;1084,9000;964,1000;912,2000;1476,6000;1212,1000;727,7000;1092,6000;1309,8000;1150,9000;1420,8000;5044,5000;1108,6000;1558,5000;1055,1000;822,6000;449,2000;3249,1001;2336,6001;157,3000;764,0000;1767,6000;1589,6000;1157,1000;892,5000;598,8000;1723,8000;1390,4000;567,2000;722,3000;1378,4000;610,6000;1043,2000;649,7000;704,3000;1777,4000;412,4000;902,3000;2249,5000;1074,9000;891,3000;7362,7002;1070,0000;959,9000;5017,1001;623,3000;944,4000;672,2000;814,6000;1490,9000;823,9000;117,6000;1391,6000;2410,5000;961,6000;977,1000;5005,0000;722,1000;3215,0000;1919,6000;1512,0000;575,1000;323,1000;1172,3000;897,0000;790,0000;1244,8000;1855,9000;1464,7000;1437,6000;1421,4000;701,1000;1695,9000;731,0000;1584,0000;1422,6000;1396,7000;1120,6000;4183,0000;1055,9000;842,6000
32889,0000;346,5000;1821,0000;2294,3999;913,4000;1505,1000;991,3000;1037,8000;954,6000;901,5000;1436,7000;1173,7000;727,7000;1083,4000;1301,3000;1119,1000;1362,8000;4929,0000;1082,8000;1530,9000;1027,7000;811,6000;444,3000;3156,6001;2294,0000;150,6000;748,2000;1726,4000;1536,0000;1142,3000;892,5000;608,2000;1670,0000;1345,7000;555,1000;692,1000;1281,6000;583,9000;1033,4000;635,8000;685,2000;1764,8000;387,0000;876,0000;2171,8999;1046,0000;866,7000;7362,7002;1056,3000;942,2000;4810,8999;606,0000;935,7000;663,9000;790,8000;1446,8000;804,5000;116,6000;1364,8000;2344,3999;936,8000;948,1000;4905,7998;694,0000;2893,5000;1827,2000;1487,0000;558,4000;318,9000;1148,7000;888,0000;765,5000;1201,1000;1822,1000;1434,0000;1423,0000;1392,4000;687,3000;1678,5000;720,5000;1526,9000;1403,3000;1373,0000;1107,5000;4135,7002;1032,3000;815,8000
32890,0000;368,8000;1755,7000;2272,2000;895,5000;1490,4000;966,3000;1028,3000;964,1000;896,1000;1436,7000;1196,8000;727,7000;1078,7000;1271,7000;1119,1000;1391,8000;5166,0000;1070,0000;1555,1000;1027,7000;811,6000;444,3000;3020,5000;2347,3000;153,9000;742,9000;1711,4000;1536,0000;1134,8000;883,4000;598,8000;1701,2000;1345,7000;547,9000;698,8000;1305,8000;590,6000;1033,4000;630,2000;685,2000;1752,2000;380,7000;852,9000;2292,6001;1057,6000;866,7000;7581,7998;1029,1000;899,1000;4810,8999;601,7000;918,1000;659,8000;792,0000;1443,3000;804,5000;128,3000;1327,3000;2369,2000;915,6000;943,2000;5027,8999;687,7000;3343,6001;1858,0000;1478,7000;563,2000;322,0000;1135,2000;889,0000;760,6000;1201,1000;1849,1000;1440,2000;1476,6000;1380,8000;683,9000;1649,6000;812,6000;1512,6000;1396,9000;1373,0000;1094,4000;4230,2002;1032,3000;799,7000
32891,0000;368,8000;1781,8000;2239,0000;895,5000;1490,4000;966,3000;1037,8000;945,0000;896,1000;1420,7000;1196,8000;727,7000;1064,9000;1263,3000;1119,1000;1409,2000;5166,0000;1070,0000;1575,8000;1014,0000;811,6000;446,8000;3042,3000;2304,6001;151,4000;735,0000;1722,6000;1536,0000;1121,5000;883,4000;594,0000;1729,5000;1349,8000;552,7000;712,2000;1342,1000;577,2000;1033,4000;630,2000;678,9000;1777,4000;380,7000;852,9000;2327,1001;1051,8000;861,8000;7538,0000;1022,3000;887,7000;4810,8999;584,3000;921,0000;651,6000;779,4000;1393,9000;811,0000;125,4000;1327,3000;2360,8999;919,2000;938,4000;5027,8999;690,8000;3440,0000;1868,3000;1470,4000;570,3000;326,5000;1138,6000;886,0000;745,9000;1230,2000;1835,6000;1421,8000;1520,4000;1351,8000;677,0000;1635,1000;842,0000;1526,9000;1384,0000;1373,0000;1090,0000;4194,7998;1038,2000;821,2000
32892,0000;368,1000;1781,8000;2172,5000;889,5000;1490,4000;966,3000;1018,9000;932,3000;880,0000;1444,7000;1204,4000;706,5000;1083,4000;1229,5000;1113,8000;1403,4000;5093,1001;1047,4000;1579,3000;1027,7000;822,6000;449,2000;2977,0000;2294,0000;150,6000;719,2000;1730,1000;1553,9000;1127,4000;883,4000;594,0000;1706,8000;1349,8000;555,1000;692,1000;1317,9000;573,9000;1023,7000;638,5000;685,2000;1758,5000;380,7000;879,3000;2284,0000;1063,4000;851,9000;7450,3999;1063,1000;897,9000;4824,6001;584,3000;909,3000;668,1000;766,9000;1385,0000;811,0000;122,4000;1311,3000;2377,3999;912,1000;923,9000;4966,7998;690,8000;3536,5000;1878,5000;1487,0000;579,9000;326,9000;1118,4000;881,0000;731,1000;1222,9000;1835,6000;1427,9000;1537,5000;1369,2000;694,2000;1649,6000;827,3000;1512,6000;1384,0000;1373,0000;1076,9000;4123,8999;1044,1000;831,9000
32895,0000;360,5000;1807,9000;2227,8999;895,5000;1505,1000;991,3000;1018,9000;938,7000;880,0000;1436,7000;1219,8000;713,6000;1088,0000;1263,3000;1124,4000;1432,4000;5117,3999;1053,8000;1586,2000;1055,1000;833,5000;459,1000;3020,5000;2320,6001;151,4000;764,0000;1722,6000;1553,9000;1171,9000;883,4000;594,0000;1698,3000;1382,3000;559,9000;705,5000;1317,9000;593,9000;1062,7000;655,2000;710,6000;1758,5000;387,0000;902,3000;2292,6001;1086,5000;886,4000;7362,7002;1070,0000;918,1000;4810,8999;601,7000;932,7000;676,3000;766,9000;1455,6000;817,4000;122,7000;1322,0000;2410,5000;947,4000;951,0000;5035,5000;709,6000;3504,3000;1899,1000;1528,6000;577,5000;324,6000;1148,7000;883,0000;750,8000;1222,9000;1815,4000;1446,3000;1520,4000;1386,6000;707,9000;1667,0000;823,1000;1555,5000;1403,3000;1396,7000;1094,4000;4159,2998;1044,1000;831,9000
32896,0000;368,1000;1807,9000;2250,1001;913,4000;1512,5000;991,3000;1037,8000;945,0000;885,4000;1460,6000;1227,4000;713,6000;1088,0000;1254,8000;1103,2000;1409,2000;5159,8999;1063,5000;1568,9000;1062,0000;861,0000;454,2000;2987,8999;2347,3000;149,7000;740,3000;1722,6000;1571,7000;1170,4000;888,0000;594,0000;1698,3000;1378,2000;559,9000;702,2000;1366,3000;580,6000;1052,9000;646,9000;697,9000;1758,5000;377,5000;889,1000;2309,8999;1109,6000;871,6000;7406,5000;1042,7000;915,6000;4810,8999;610,3000;915,2000;668,1000;755,6000;1460,9000;817,4000;124,8000;1370,1000;2410,5000;965,1000;958,7000;4959,2002;694,0000;3375,7000;1970,9000;1528,6000;563,2000;328,8000;1142,0000;887,0000;760,6000;1252,0000;1815,4000;1458,6000;1520,4000;1386,6000;697,6000;1664,1000;839,9000;1555,5000;1416,2000;1396,7000;1094,4000;4218,3999;1032,3000;826,5000
32897,0000;369,4000;1794,9000;2227,8999;919,4000;1505,1000;974,6000;1023,6000;938,7000;869,3000;1500,5000;1204,4000;720,6000;1088,0000;1237,9000;1097,9000;1415,0000;5087,0000;1063,5000;1565,4000;1034,6000;844,5000;449,2000;2993,3000;2326,0000;148,9000;737,7000;1715,1000;1544,9000;1149,7000;878,9000;579,9000;1692,7000;1341,6000;545,5000;715,6000;1366,3000;557,2000;1023,7000;635,8000;697,9000;1714,4000;368,0000;882,6000;2275,3999;1109,6000;856,9000;7538,0000;1029,1000;895,3000;4687,2002;588,7000;909,3000;663,9000;754,3000;1425,6000;817,4000;121,6000;1354,1000;2369,2000;951,0000;943,2000;4882,8999;678,3000;3186,0000;1929,9000;1462,1000;548,8000;323,1000;1131,9000;879,0000;726,2000;1208,4000;1795,1000;1440,2000;1542,4000;1375,0000;680,4000;1638,0000;825,2000;1526,9000;1409,8000;1396,7000;1076,9000;4112,1001;1008,7000;805,1000
32898,0000;375,1000;1794,9000;2205,7000;913,4000;1512,5000;974,6000;1033,0000;938,7000;869,3000;1484,6000;1227,4000;713,6000;1088,0000;1254,8000;1097,9000;1432,4000;5087,0000;1079,6000;1558,5000;1082,5000;861,0000;449,2000;2993,3000;2320,6001;151,4000;750,8000;1696,4000;1536,0000;1166,0000;874,4000;575,2000;1735,1000;1325,4000;559,9000;702,2000;1354,2000;557,2000;1062,7000;633,0000;685,2000;1733,3000;364,8000;882,6000;2378,8000;1161,6000;856,9000;7362,7002;1015,4000;896,6000;4687,2002;584,3000;912,3000;655,7000;754,3000;1411,5000;817,4000;121,6000;1396,9000;2377,3999;947,4000;949,0000;4852,3999;681,5000;3170,0000;1970,9000;1495,3000;548,8000;321,6000;1135,2000;871,1000;721,3000;1252,0000;1795,1000;1440,2000;1554,6000;1415,6000;680,4000;1635,1000;835,7000;1498,4000;1429,1000;1432,2000;1090,0000;4194,7998;1014,6000;799,7000
32899,0000;370,7000;1827,5000;2216,8000;913,4000;1512,5000;974,6000;1033,0000;941,9000;858,5000;1476,6000;1227,4000;720,6000;1083,4000;1263,3000;1097,9000;1397,6000;5020,2002;1092,5000;1524,0000;1103,1000;877,4000;446,8000;2998,8000;2320,6001;146,4000;748,2000;1692,7000;1518,1000;1157,1000;869,9000;575,2000;1755,0000;1345,7000;559,9000;705,5000;1342,1000;563,9000;1072,4000;635,8000;685,2000;1701,8000;358,5000;872,7000;2387,3999;1178,9000;856,9000;7275,1001;1022,3000;894,1000;4687,2002;588,7000;906,4000;647,4000;756,8000;1438,0000;817,4000;119,0000;1402,3000;2369,2000;954,5000;943,2000;4776,1001;692,4000;3118,5000;1940,1000;1470,4000;548,8000;322,0000;1148,7000;849,1000;726,2000;1266,6000;1822,1000;1434,0000;1554,6000;1427,2000;680,4000;1635,1000;827,3000;1512,6000;1403,3000;1444,0000;1090,0000;4135,7002;1032,3000;799,7000
32902,0000;370,7000;1827,5000;2205,7000;943,3000;1512,5000;991,3000;1037,8000;941,9000;863,9000;1484,6000;1212,1000;727,7000;1088,0000;1284,4000;1108,5000;1420,8000;5008,0000;1108,6000;1537,8000;1103,1000;871,9000;449,2000;3102,2000;2299,3000;146,4000;758,7000;1715,1000;1544,9000;1198,6000;878,9000;584,6000;1817,2000;1390,7000;557,5000;722,3000;1305,8000;587,2000;1091,9000;644,1000;704,3000;1701,8000;371,2000;882,6000;2335,7000;1178,9000;866,7000;7318,8999;1056,3000;897,9000;4783,3999;593,0000;918,1000;655,7000;768,1000;1464,4000;823,9000;117,6000;1407,6000;2410,5000;965,1000;966,5000;4738,0000;701,8000;3150,7000;1950,4000;1470,4000;560,8000;326,9000;1172,3000;858,1000;736,0000;1266,6000;1822,1000;1458,6000;1557,0000;1415,6000;683,9000;1658,3000;812,6000;1526,9000;1403,3000;1455,9000;1076,9000;4194,7998;1050,0000;805,1000
32903,0000;362,4000;1814,5000;2227,8999;961,2000;1505,1000;982,9000;1033,0000;932,3000;874,6000;1452,7000;1219,8000;713,6000;1088,0000;1284,4000;1124,4000;1426,6000;4959,3999;1121,5000;1527,4000;1082,5000;866,4000;451,7000;3080,3999;2315,3000;149,7000;761,4000;1715,1000;1544,9000;1229,8000;878,9000;584,6000;1786,1000;1382,5000;552,7000;725,7000;1305,8000;587,2000;1062,7000;646,9000;710,6000;1720,7000;377,5000;899,0000;2309,8999;1161,6000;866,7000;7318,8999;1049,5000;905,5000;4810,8999;597,3000;935,7000;655,7000;785,7000;1436,2000;823,9000;117,4000;1413,0000;2369,2000;965,1000;953,9000;4730,2998;705,0000;3131,3999;1929,9000;1478,7000;560,8000;314,0000;1189,1000;873,1000;736,0000;1237,5000;1869,4000;1440,2000;1503,4000;1433,0000;694,2000;1652,5000;802,2000;1555,5000;1409,8000;1420,3000;1085,6000;4171,1001;1050,0000;810,4000
32904,0000;354,8000;1814,5000;2205,7000;961,2000;1505,1000;974,6000;1037,8000;935,5000;863,9000;1460,6000;1204,4000;706,5000;1097,3000;1284,4000;1119,1000;1409,2000;4965,5000;1118,3000;1520,5000;1089,4000;866,4000;446,8000;3053,2000;2320,6001;163,1000;758,7000;1696,4000;1562,8000;1217,9000;888,0000;575,2000;1811,6000;1382,5000;552,7000;712,2000;1281,6000;577,2000;1072,4000;641,3000;697,9000;1708,1000;371,2000;892,4000;2266,8000;1144,3000;871,6000;6968,2998;1035,9000;902,9000;4879,6001;593,0000;947,4000;659,8000;828,5000;1436,2000;830,3000;117,6000;1407,6000;2385,7000;958,0000;946,1000;4707,3999;714,4000;3144,2000;1919,6000;1487,0000;553,6000;310,2000;1187,4000;873,1000;716,4000;1237,5000;1869,4000;1470,8000;1508,3000;1421,4000;694,2000;1649,6000;821,0000;1555,5000;1429,1000;1420,3000;1090,0000;4183,0000;1055,9000;815,8000
32905,0000;355,4000;1821,0000;2227,8999;961,2000;1483,0000;974,6000;1047,2000;948,2000;869,3000;1460,6000;1212,1000;720,6000;1097,3000;1288,6000;1140,3000;1420,8000;4953,2998;1128,0000;1510,2000;1089,4000;866,4000;449,2000;3156,6001;2331,3000;157,3000;753,5000;1722,6000;1580,6000;1223,9000;883,4000;575,2000;1839,9000;1370,2000;552,7000;722,3000;1305,8000;577,2000;1082,2000;649,7000;685,2000;1720,7000;368,0000;889,1000;2344,3000;1161,6000;866,7000;7231,2002;1056,3000;899,1000;4975,7998;597,3000;950,3000;668,1000;819,7000;1473,3000;830,3000;116,0000;1407,6000;2360,8999;961,6000;948,1000;4860,0000;723,9000;3166,8000;1899,1000;1470,4000;558,4000;309,9000;1177,0000;878,0000;726,2000;1237,5000;1862,6000;1464,7000;1508,3000;1415,6000;694,2000;1661,2000;835,7000;1555,5000;1442,0000;1408,5000;1090,0000;4159,2998;1055,9000;826,5000
32906,0000;359,2000;1821,0000;2227,8999;961,2000;1505,1000;991,3000;1037,8000;938,7000;890,7000;1452,7000;1212,1000;720,6000;1101,9000;1267,5000;1135,0000;1403,4000;4922,8999;1128,0000;1503,2000;1075,7000;855,5000;446,8000;3145,7000;2342,0000;157,3000;758,7000;1703,9000;1580,6000;1212,0000;883,4000;589,3000;1822,9000;1370,2000;547,9000;725,7000;1281,6000;600,6000;1052,9000;655,2000;717,0000;1727,0000;377,5000;895,7000;2352,8999;1167,4000;871,6000;7143,6001;1070,0000;900,4000;4920,8999;593,0000;944,4000;672,2000;814,6000;1476,8000;817,4000;116,8000;1407,6000;2344,3999;958,0000;944,2000;4783,7002;723,9000;3211,8000;1899,1000;1470,4000;548,8000;309,9000;1149,3000;881,0000;750,8000;1230,2000;1828,9000;1440,2000;1491,2000;1415,6000;697,6000;1646,7000;816,8000;1541,2000;1442,0000;1408,5000;1090,0000;4183,0000;1038,2000;826,5000
32909,0000;352,9000;1807,9000;2205,7000;949,2000;1505,1000;991,3000;1051,9000;941,9000;901,5000;1444,7000;1212,1000;720,6000;1101,9000;1267,5000;1140,3000;1397,6000;4898,6001;1124,7000;1517,1000;1068,8000;855,5000;444,3000;3085,8000;2390,0000;153,9000;758,7000;1700,1000;1589,6000;1194,2000;897,0000;589,3000;1828,6000;1370,2000;550,3000;722,3000;1269,6000;600,6000;1043,2000;649,7000;704,3000;1714,4000;374,3000;895,7000;2327,1001;1161,6000;851,9000;7275,1001;1063,1000;895,3000;4907,1001;597,3000;944,4000;676,3000;822,2000;1483,8000;817,4000;115,7000;1418,3000;2352,7000;954,5000;943,2000;4921,1001;723,9000;3215,0000;1909,3000;1470,4000;548,8000;309,9000;1156,2000;875,1000;750,8000;1215,7000;1855,9000;1434,0000;1486,3000;1415,6000;697,6000;1672,8000;793,8000;1526,9000;1429,1000;1396,7000;1085,6000;4171,1001;1038,2000;826,5000
32910,0000;348,4000;1794,9000;2239,0000;967,2000;1497,7000;999,6000;1047,2000;945,0000;906,8000;1444,7000;1204,4000;713,6000;1097,3000;1263,3000;1140,3000;1374,4000;4916,7998;1121,5000;1524,0000;1068,8000;850,0000;441,8000;3096,7000;2390,0000;152,2000;758,7000;1703,9000;1589,6000;1188,2000;892,5000;579,9000;1842,7000;1386,6000;547,9000;715,6000;1293,7000;597,3000;1043,2000;644,1000;697,9000;1701,8000;371,2000;902,3000;2284,0000;1161,6000;851,9000;7669,5000;1063,1000;897,9000;4934,6001;593,0000;941,5000;676,3000;829,7000;1490,9000;811,0000;117,6000;1407,6000;2344,3999;954,5000;943,2000;4875,2998;727,0000;3186,0000;1919,6000;1495,3000;541,7000;313,6000;1152,8000;882,0000;760,6000;1222,9000;1835,6000;1440,2000;1493,6000;1415,6000;694,2000;1667,0000;793,8000;1526,9000;1429,1000;1396,7000;1085,6000;4135,7002;1044,1000;815,8000
32911,0000;344,0000;1742,7000;2239,0000;967,2000;1490,4000;991,3000;1033,0000;938,7000;890,7000;1428,7000;1204,4000;713,6000;1078,7000;1250,6000;1129,7000;1374,4000;4886,3999;1121,5000;1506,7000;1055,1000;833,5000;439,4000;3123,8999;2406,0000;150,6000;750,8000;1688,9000;1553,9000;1182,3000;892,5000;579,9000;1828,6000;1374,3000;540,6000;715,6000;1269,6000;583,9000;1043,2000;641,3000;691,6000;1670,3000;364,8000;895,7000;2284,0000;1144,3000;881,5000;7538,0000;1042,7000;892,8000;4975,7998;593,0000;921,0000;659,8000;828,5000;1485,6000;804,5000;115,7000;1418,3000;2344,3999;954,5000;930,7000;4806,6001;711,3000;3215,0000;1899,1000;1470,4000;529,7000;308,7000;1142,4000;883,0000;755,7000;1222,9000;1835,6000;1434,0000;1469,3000;1415,6000;687,3000;1658,3000;810,5000;1541,2000;1416,2000;1396,7000;1072,5000;4076,6001;1044,1000;821,2000
32912,0000;342,7000;1762,2000;2227,8999;961,2000;1490,4000;966,3000;1037,8000;932,3000;896,1000;1412,7000;1196,8000;713,6000;1064,9000;1263,3000;1108,5000;1362,8000;4862,1001;1128,0000;1506,7000;1055,1000;839,0000;436,9000;3113,0000;2374,0000;150,6000;750,8000;1696,4000;1544,9000;1166,0000;892,5000;579,9000;1839,9000;1382,5000;538,2000;698,8000;1305,8000;590,6000;1033,4000;641,3000;685,2000;1670,3000;368,0000;882,6000;2249,5000;1144,3000;871,6000;7494,2002;1042,7000;889,0000;5003,2998;584,3000;912,3000;659,8000;815,9000;1499,7000;804,5000;117,4000;1386,2000;2327,8999;943,9000;929,7000;4776,1001;701,8000;3215,0000;1919,6000;1462,1000;534,5000;306,8000;1170,1000;882,0000;741,0000;1215,7000;1815,4000;1421,8000;1464,4000;1409,8000;683,9000;1638,0000;793,8000;1541,2000;1416,2000;1384,8000;1090,0000;4029,3999;1026,4000;810,4000
32913,0000;342,7000;1742,7000;2239,0000;943,3000;1490,4000;966,3000;1028,3000;945,0000;869,3000;1412,7000;1204,4000;706,5000;1078,7000;1259,1000;1103,2000;1351,2000;4892,5000;1121,5000;1499,8000;1041,4000;833,5000;439,4000;3091,3000;2400,6001;149,7000;740,3000;1681,4000;1527,1000;1152,6000;888,0000;575,2000;1837,0000;1382,5000;533,4000;698,8000;1281,6000;587,2000;1023,7000;635,8000;691,6000;1695,5000;368,0000;882,6000;2249,5000;1138,5000;837,2000;7757,1001;1029,1000;887,7000;4975,7998;584,3000;909,3000;655,7000;798,3000;1480,3000;791,7000;117,6000;1375,5000;2303,1001;943,9000;924,9000;4730,2998;695,6000;3311,3999;1919,6000;1437,2000;534,5000;306,8000;1159,7000;869,1000;750,8000;1201,1000;1801,9000;1415,7000;1481,5000;1363,4000;687,3000;1635,1000;804,3000;1526,9000;1409,8000;1373,0000;1076,9000;4017,5000;1026,4000;815,8000
32916,0000;342,7000;1742,7000;2239,0000;943,3000;1490,4000;966,3000;1028,3000;945,0000;869,3000;1412,7000;1204,4000;706,5000;1078,7000;1259,1000;1103,2000;1351,2000;4892,5000;1121,5000;1499,8000;1041,4000;833,5000;439,4000;3091,3000;2400,6001;149,7000;740,3000;1681,4000;1527,1000;1152,6000;888,0000;575,2000;1837,0000;1382,5000;533,4000;698,8000;1281,6000;587,2000;1023,7000;635,8000;691,6000;1695,5000;368,0000;882,6000;2249,5000;1138,5000;837,2000;7757,1001;1029,1000;887,7000;4975,7998;584,3000;909,3000;655,7000;798,3000;1480,3000;791,7000;117,6000;1375,5000;2303,1001;943,9000;924,9000;4730,2998;695,6000;3311,3999;1919,6000;1437,2000;534,5000;306,8000;1159,7000;869,1000;750,8000;1201,1000;1801,9000;1415,7000;1481,5000;1363,4000;687,3000;1635,1000;804,3000;1526,9000;1409,8000;1373,0000;1076,9000;4017,5000;1026,4000;815,8000
32917,0000;335,1000;1742,7000;2227,8999;949,2000;1497,7000;974,6000;1023,6000;945,0000;885,4000;1436,7000;1189,1000;713,6000;1078,7000;1250,6000;1161,5000;1339,6000;4922,8999;1108,6000;1479,1000;1055,1000;828,1000;434,4000;3058,6001;2374,0000;149,7000;764,0000;1670,2000;1527,1000;1158,6000;878,9000;556,3000;1831,4000;1378,4000;533,4000;692,1000;1305,8000;590,6000;1023,7000;635,8000;691,6000;1651,4000;364,8000;882,6000;2206,3999;1126,9000;847,0000;8020,1001;1022,3000;892,8000;4962,1001;584,3000;906,4000;643,3000;798,3000;1459,1000;791,7000;118,2000;1380,8000;2278,3999;936,8000;920,0000;4692,2002;692,4000;3311,3999;1909,3000;1445,5000;539,3000;306,2000;1159,7000;869,1000;750,8000;1186,5000;1801,9000;1409,5000;1481,5000;1305,4000;677,0000;1640,9000;785,4000;1526,9000;1416,2000;1408,5000;1068,1000;4053,0000;1032,3000;789,0000
32918,0000;339,5000;1755,7000;2227,8999;943,3000;1497,7000;966,3000;1018,9000;938,7000;885,4000;1420,7000;1219,8000;713,6000;1078,7000;1233,7000;1113,8000;1351,2000;4941,1001;1105,4000;1486,0000;1055,1000;844,5000;436,9000;3102,2000;2368,6001;150,6000;748,2000;1673,9000;1536,0000;1164,5000;888,0000;561,0000;1865,3000;1370,2000;533,4000;688,7000;1293,7000;580,6000;1033,4000;635,8000;691,6000;1664,0000;361,7000;882,6000;2232,3000;1132,7000;837,2000;8063,8999;1008,6000;891,5000;4948,3999;580,0000;909,3000;643,3000;756,8000;1464,4000;785,2000;119,0000;1396,9000;2327,8999;936,8000;926,8000;4730,2998;686,1000;3311,3999;1940,1000;1445,5000;556,0000;308,7000;1159,7000;869,1000;745,9000;1201,1000;1808,6000;1403,4000;1503,4000;1363,4000;680,4000;1635,1000;789,6000;1512,6000;1416,2000;1396,7000;1068,1000;4041,2000;985,1000;767,5000
32919,0000;343,3000;1755,7000;2216,8000;943,3000;1497,7000;966,3000;1009,5000;945,0000;885,4000;1444,7000;1265,8000;720,6000;1078,7000;1237,9000;1119,1000;1415,0000;5032,2998;1111,9000;1517,1000;1082,5000;871,9000;436,9000;3129,3999;2336,6001;150,6000;746,5000;1681,4000;1536,0000;1173,4000;888,0000;570,5000;1868,2000;1366,1000;545,5000;705,5000;1305,8000;590,6000;1062,7000;641,3000;691,6000;1670,3000;364,8000;882,6000;2284,0000;1167,4000;861,8000;7888,6001;1022,3000;894,1000;4907,1001;584,3000;909,3000;643,3000;779,4000;1446,8000;804,5000;119,0000;1396,9000;2278,3999;947,4000;941,3000;4799,0000;698,7000;3215,0000;2012,0000;1487,0000;532,1000;317,4000;1180,5000;878,0000;745,9000;1230,2000;1822,1000;1397,3000;1510,7000;1380,8000;683,9000;1638,0000;802,2000;1512,6000;1429,1000;1444,0000;1103,1000;4041,2000;961,6000;789,0000
32920,0000;349,1000;1755,7000;2216,8000;943,3000;1505,1000;974,6000;1018,9000;948,2000;880,0000;1364,9000;1242,8000;713,6000;1078,7000;1250,6000;1129,7000;1380,2000;5008,0000;1121,5000;1548,2000;1068,8000;855,5000;439,4000;3085,8000;2347,3000;151,4000;749,3000;1677,7000;1553,9000;1179,3000;892,5000;565,8000;1868,2000;1341,6000;540,6000;692,1000;1281,6000;577,2000;1072,4000;649,7000;697,9000;1657,7000;371,2000;892,4000;2258,1001;1144,3000;866,7000;7757,1001;1022,3000;905,5000;4907,1001;588,7000;924,0000;647,4000;766,9000;1459,1000;804,5000;119,8000;1391,6000;2303,1001;972,2000;943,2000;4783,7002;705,0000;3215,0000;2001,7000;1470,4000;546,4000;315,9000;1183,9000;870,1000;745,9000;1237,5000;1795,1000;1397,3000;1510,7000;1386,6000;690,8000;1635,1000;800,1000;1526,9000;1429,1000;1444,0000;1103,1000;4017,5000;949,8000;805,1000
32923,0000;332,5000;1736,1000;2227,8999;937,3000;1512,5000;966,3000;1004,7000;932,3000;880,0000;1324,9000;1219,8000;713,6000;1074,1000;1242,2000;1124,4000;1386,0000;4953,2998;1121,5000;1520,5000;1048,3000;833,5000;427,0000;3047,7000;2304,6001;153,9000;754,9000;1670,2000;1544,9000;1157,1000;878,9000;570,5000;1831,4000;1317,1000;531,0000;682,0000;1269,6000;580,6000;1052,9000;638,5000;678,9000;1638,8000;364,8000;892,4000;2258,1001;1115,4000;856,9000;7932,3999;1008,6000;895,3000;4810,8999;571,4000;918,1000;643,3000;758,1000;1459,1000;798,1000;119,0000;1375,5000;2286,6001;943,9000;936,5000;4753,2002;689,3000;3247,1001;1940,1000;1437,2000;534,5000;309,9000;1170,1000;868,1000;741,0000;1222,9000;1774,9000;1397,3000;1525,3000;1375,0000;687,3000;1626,5000;779,1000;1498,4000;1403,3000;1408,5000;1085,6000;4017,5000;943,9000;778,2000
32924,0000;328,7000;1729,6000;2216,8000;931,3000;1490,4000;949,6000;990,6000;941,9000;874,6000;1309,0000;1204,4000;713,6000;1069,5000;1229,5000;1108,5000;1380,2000;4995,7998;1111,9000;1503,2000;1034,6000;833,5000;432,0000;3036,8000;2251,3000;154,7000;749,3000;1655,2000;1544,9000;1139,3000;874,4000;561,0000;1837,0000;1288,4000;523,7000;658,5000;1293,7000;567,2000;1052,9000;627,4000;672,6000;1619,9000;358,5000;866,1000;2206,3999;1098,0000;847,0000;7713,2998;1001,8000;885,2000;4742,2002;571,4000;906,4000;643,3000;741,7000;1411,5000;798,1000;114,7000;1359,4000;2261,8999;936,8000;924,9000;4730,2998;679,8000;3311,3999;1909,3000;1428,9000;522,6000;306,1000;1159,7000;863,1000;716,4000;1193,8000;1768,1000;1391,1000;1462,0000;1357,6000;673,6000;1609,1000;764,5000;1498,4000;1416,2000;1396,7000;1072,5000;3970,3000;914,4000;772,9000
32925,0000;307,7000;1670,9000;2117,1001;913,4000;1468,2000;899,6000;943,4000;916,4000;847,8000;1277,1000;1166,1000;703,0000;1055,6000;1216,8000;1087,2000;1333,8000;4862,1001;1095,7000;1461,8000;1007,2000;811,6000;427,0000;2966,1001;2235,3000;154,7000;724,2000;1629,0000;1518,1000;1112,6000;856,4000;528,0000;1800,2000;1206,6000;516,5000;651,8000;1245,4000;530,5000;1004,2000;608,0000;647,2000;1544,2000;339,5000;826,6000;2240,8999;1063,4000;797,8000;7713,2998;967,7000;867,5000;4673,3999;545,4000;868,4000;618,6000;705,3000;1381,5000;765,9000;114,7000;1332,7000;2187,6001;912,1000;898,7000;4661,7002;642,0000;3182,8000;1827,2000;1370,7000;496,3000;295,9000;1107,8000;850,1000;672,3000;1128,3000;1687,2000;1354,4000;1427,9000;1299,6000;659,8000;1568,6000;737,2000;1441,3000;1371,1000;1361,2000;1028,7000;3852,1001;896,7000;762,1000
32926,0000;323,0000;1631,7000;2128,1001;889,5000;1431,3000;899,6000;934,0000;922,8000;837,1000;1253,1000;1189,1000;703,0000;1055,6000;1183,0000;1060,7000;1333,8000;4807,3999;1095,7000;1451,4000;1027,7000;817,1000;417,2000;2911,7000;2171,3000;152,2000;696,4000;1606,5000;1500,3000;1120,0000;851,9000;523,3000;1825,7000;1218,9000;511,7000;651,8000;1233,3000;527,2000;1004,2000;608,0000;659,9000;1544,2000;339,5000;823,3000;2171,8999;1074,9000;797,8000;7888,6001;954,1000;873,8000;4522,2998;541,1000;862,6000;610,3000;710,3000;1367,4000;759,5000;112,0000;1338,0000;2113,3000;915,6000;904,5000;4600,6001;648,3000;3166,8000;1878,5000;1395,7000;489,2000;297,8000;1083,5000;842,1000;687,0000;1142,9000;1673,7000;1342,1000;1435,2000;1270,6000;642,6000;1577,3000;749,8000;1427,0000;1351,8000;1373,0000;1041,8000;3781,2000;914,4000;740,7000
32927,0000;317,3000;1592,5000;2106,0000;895,5000;1409,2000;883,0000;905,7000;878,2000;815,6000;1237,2000;1181,4000;660,6000;1018,6000;1136,5000;1044,8000;1310,6000;4801,3999;1063,5000;1416,8000;1020,9000;811,6000;407,3000;2775,6001;2065,6001;150,6000;674,1000;1580,3000;1500,3000;1091,8000;833,9000;518,6000;1814,4000;1227,1000;499,6000;618,2000;1221,2000;510,5000;1004,2000;585,8000;647,2000;1512,7000;326,8000;796,9000;2128,8999;1063,4000;797,8000;7801,0000;926,8000;848,5000;4467,2998;528,1000;839,2000;581,5000;691,4000;1360,3000;759,5000;109,6000;1332,7000;2047,2000;894,4000;881,3000;4463,2998;626,3000;2974,8000;1817,0000;1362,4000;489,2000;298,5000;1069,7000;827,2000;662,4000;1121,0000;1606,2000;1262,4000;1413,2000;1235,8000;635,8000;1548,3000;737,2000;1425,6000;1339,0000;1325,7000;1015,6000;3674,8999;926,2000;713,8000
32930,0000;307,1000;1501,2000;2050,6001;877,6000;1305,9000;841,3000;867,9000;849,6000;772,7000;1165,3000;1135,4000;615,4000;972,3000;1132,3000;1013,0000;1299,0000;4710,2002;1031,3000;1347,7000;986,6000;795,2000;377,7000;2612,3000;1937,2000;140,5000;632,3000;1494,2000;1419,9000;1042,9000;788,8000;499,7000;1797,4000;1116,6000;492,4000;618,2000;1118,4000;487,1000;969,1000;569,1000;625,0000;1430,8000;326,8000;744,2000;2025,4000;1098,0000;748,5000;7538,0000;892,8000;830,8000;4302,2998;506,4000;818,7000;565,0000;666,3000;1263,3000;714,4000;104,3000;1322,0000;1939,9000;883,8000;846,5000;4425,1001;594,8000;2974,8000;1806,7000;1304,3000;482,0000;293,6000;1035,1000;803,2000;642,8000;1070,1000;1450,9000;1219,5000;1403,5000;1206,8000;608,3000;1441,2000;720,5000;1354,2000;1236,0000;1254,6000;976,2000;3462,2000;884,9000;697,7000
32931,0000;312,8000;1527,3000;2072,7000;883,6000;1372,3000;874,7000;867,9000;849,6000;794,2000;1205,2000;1196,8000;642,9000;990,8000;1123,9000;991,8000;1322,2000;4892,5000;1040,9000;1416,8000;1014,0000;833,5000;402,3000;2694,0000;2033,5000;140,5000;660,2000;1535,4000;1428,8000;1057,7000;820,3000;513,9000;1922,0000;1186,2000;511,7000;655,1000;1160,7000;503,8000;994,4000;566,4000;634,5000;1493,8000;329,9000;760,7000;2154,7000;1103,8000;768,2000;8107,7002;892,8000;857,3000;4384,7998;523,7000;821,6000;565,0000;667,6000;1288,0000;753,1000;106,9000;1284,5000;1923,4000;883,8000;869,7000;4509,1001;598,0000;2994,1001;1878,5000;1412,3000;517,8000;304,2000;1038,5000;807,2000;667,3000;1113,7000;1579,2000;1244,1000;1491,2000;1160,3000;611,7000;1461,5000;772,8000;1367,1000;1293,9000;1337,5000;1002,5000;3580,3000;914,4000;703,1000
32932,0000;330,6000;1546,9000;2094,8999;901,5000;1409,2000;883,0000;929,3000;852,8000;821,0000;1277,1000;1227,4000;671,9000;990,8000;1157,7000;1018,3000;1304,8000;4983,7002;1050,6000;1465,2000;1020,9000;844,5000;409,7000;2721,2000;2044,2000;144,7000;671,3000;1606,5000;1473,5000;1068,1000;824,8000;518,6000;1967,3000;1214,8000;523,7000;671,9000;1209,1000;523,9000;1023,7000;569,1000;640,8000;1512,7000;336,3000;777,2000;2223,7000;1103,8000;783,0000;8326,9004;926,8000;864,9000;4536,0000;545,4000;856,7000;573,2000;666,3000;1289,8000;759,5000;111,2000;1311,3000;1997,7000;890,9000;888,1000;4768,5000;651,5000;3090,7000;1909,3000;1370,7000;539,3000;313,3000;1048,9000;812,2000;682,1000;1135,6000;1687,2000;1305,3000;1535,1000;1183,5000;628,9000;1493,3000;785,4000;1384,2000;1293,9000;1349,3000;1024,3000;3627,6001;955,7000;729,9000
32933,0000;332,5000;1559,9000;2072,7000;883,6000;1372,3000;866,3000;901,0000;827,3000;810,3000;1277,1000;1196,8000;657,1000;972,3000;1136,5000;1007,7000;1316,4000;5014,1001;1031,3000;1434,1000;1007,2000;844,5000;404,8000;2683,1001;2167,3000;148,1000;654,6000;1554,1000;1464,6000;1042,9000;806,8000;499,7000;2057,8000;1231,2000;511,7000;668,6000;1209,1000;507,2000;1023,7000;555,3000;653,5000;1481,2000;339,5000;760,7000;2223,7000;1109,6000;758,4000;8195,4004;920,0000;842,1000;4467,2998;523,7000;833,3000;565,0000;660,0000;1288,0000;753,1000;112,3000;1311,3000;1997,7000;880,3000;862,0000;4860,0000;629,5000;3052,1001;1899,1000;1329,2000;515,4000;308,0000;1045,5000;799,2000;657,5000;1121,0000;1639,9000;1262,4000;1508,3000;1166,1000;615,1000;1473,1000;812,6000;1377,1000;1268,2000;1337,5000;1015,6000;3627,6001;973,4000;708,5000
32934,0000;349,7000;1559,9000;2061,6001;883,6000;1357,6000;858,0000;896,2000;827,3000;826,4000;1301,0000;1204,4000;674,7000;995,4000;1140,8000;991,8000;1304,8000;5220,7002;1031,3000;1465,2000;1020,9000;861,0000;409,7000;2666,8000;2151,2000;154,7000;654,6000;1539,1000;1437,8000;1038,4000;797,8000;499,7000;2097,5000;1202,5000;514,1000;682,0000;1221,2000;500,5000;1004,2000;555,3000;634,5000;1481,2000;323,6000;744,2000;2215,0000;1132,7000;748,5000;8677,5000;913,2000;838,3000;4604,7002;523,7000;824,6000;569,1000;655,0000;1270,3000;753,1000;119,0000;1322,0000;1964,7000;883,8000;876,5000;4989,7002;629,5000;3013,5000;1899,1000;1345,8000;510,7000;315,5000;1028,1000;788,2000;647,7000;1142,9000;1646,7000;1268,6000;1535,1000;1131,3000;608,3000;1461,5000;856,6000;1357,1000;1287,5000;1313,8000;1015,6000;3639,3999;920,3000;697,7000
32937,0000;344,6000;1546,9000;2050,6001;895,5000;1357,6000;849,7000;886,8000;843,2000;831,7000;1309,0000;1204,4000;608,3000;981,5000;1128,1000;1002,4000;1316,4000;5147,7998;1028,1000;1437,6000;1000,3000;855,5000;412,2000;2704,8999;2124,5000;158,1000;660,2000;1509,2000;1428,8000;1031,0000;797,8000;509,2000;2066,3000;1194,3000;514,1000;678,6000;1233,3000;503,8000;984,7000;549,7000;628,8000;1462,3000;320,4000;724,5000;2189,2000;1103,8000;743,6000;8370,7002;892,8000;839,6000;4604,7002;523,7000;824,6000;565,0000;660,0000;1254,5000;765,9000;118,7000;1338,0000;1964,7000;887,3000;865,8000;4959,2002;629,5000;2998,0000;1847,7000;1329,2000;498,7000;306,5000;1024,7000;783,3000;633,0000;1128,3000;1619,7000;1237,9000;1515,6000;1108,1000;608,3000;1444,1000;854,5000;1355,7000;1313,2000;1302,0000;1020,0000;3651,2000;902,6000;692,4000
32938,0000;343,3000;1540,3000;2050,6001;889,5000;1342,8000;849,7000;877,4000;855,9000;815,6000;1293,0000;1189,1000;671,2000;976,9000;1132,3000;1007,7000;1304,8000;4862,1001;1031,3000;1416,8000;1000,3000;839,0000;407,3000;2710,3000;2065,6001;155,6000;668,5000;1501,7000;1455,6000;1036,9000;797,8000;509,2000;2072,0000;1202,5000;506,9000;682,0000;1203,1000;503,8000;984,7000;552,5000;629,4000;1418,2000;323,6000;744,2000;2180,6001;1080,7000;748,5000;8239,2002;892,8000;837,1000;4467,2998;523,7000;827,5000;556,7000;690,2000;1254,5000;753,1000;117,1000;1327,3000;1956,4000;883,8000;850,4000;4829,5000;645,2000;3021,2000;1827,2000;1312,6000;529,7000;306,1000;1014,3000;779,3000;642,8000;1128,3000;1612,9000;1225,7000;1542,4000;1061,7000;618,6000;1444,1000;829,4000;1341,4000;1319,7000;1313,8000;1006,8000;3615,8000;902,6000;708,5000
32939,0000;340,2000;1488,1000;2028,4000;889,5000;1320,7000;832,2000;867,9000;859,1000;821,0000;1269,1000;1166,1000;654,2000;963,0000;1132,3000;1002,4000;1293,2000;4935,1001;1028,1000;1403,0000;1000,3000;833,5000;412,2000;2710,3000;2087,0000;154,7000;657,4000;1501,7000;1437,8000;1026,6000;784,3000;504,5000;2134,3000;1198,4000;499,6000;655,1000;1197,0000;497,2000;994,4000;541,4000;628,1000;1418,2000;320,4000;741,0000;2240,8999;1109,6000;738,7000;8195,4004;886,0000;824,4000;4481,0000;519,4000;818,7000;552,6000;710,3000;1245,6000;753,1000;117,1000;1305,9000;1882,1000;883,8000;832,9000;4783,7002;620,0000;2974,8000;1858,0000;1271,0000;505,9000;305,0000;1007,4000;768,3000;633,0000;1121,0000;1599,4000;1207,3000;1522,9000;1055,9000;615,1000;1447,0000;846,1000;1320,0000;1319,7000;1325,7000;984,9000;3497,6001;908,5000;697,7000
32940,0000;346,5000;1494,6000;2028,4000;871,6000;1335,4000;831,3000;853,8000;862,3000;815,6000;1285,0000;1181,4000;664,1000;967,6000;1123,9000;1013,0000;1293,2000;5020,2002;1021,6000;1420,3000;993,5000;844,5000;407,3000;2721,2000;2108,3999;153,9000;668,5000;1479,2000;1428,8000;1036,9000;788,8000;495,0000;2151,2000;1194,3000;504,4000;675,3000;1201,8000;510,5000;984,7000;544,2000;633,8000;1424,5000;320,4000;767,3000;2284,0000;1132,7000;753,5000;8414,5000;906,4000;824,4000;4412,2998;523,7000;812,9000;544,3000;740,5000;1226,2000;753,1000;115,7000;1305,9000;1898,7000;883,8000;846,5000;4928,7002;620,0000;3013,5000;1847,7000;1296,0000;513,0000;303,8000;1000,5000;768,3000;647,7000;1106,5000;1579,2000;1225,7000;1535,1000;1044,3000;611,7000;1449,9000;862,9000;1312,9000;1281,0000;1313,8000;1006,8000;3497,6001;896,7000;697,7000
32941,0000;349,1000;1501,2000;1995,1000;877,6000;1342,8000;833,0000;858,5000;855,9000;821,0000;1285,0000;1181,4000;686,7000;967,6000;1115,4000;997,1000;1293,2000;4941,1001;1024,8000;1409,9000;993,5000;839,0000;407,3000;2666,8000;2124,5000;146,4000;676,9000;1486,7000;1428,8000;1038,4000;788,8000;504,5000;2111,6001;1198,4000;509,3000;688,7000;1233,3000;503,8000;974,9000;552,5000;630,0000;1437,1000;320,4000;770,6000;2284,0000;1126,9000;748,5000;8283,0000;899,6000;824,4000;4384,7998;515,1000;812,9000;544,3000;743,0000;1275,6000;759,5000;113,1000;1289,9000;1898,7000;887,3000;832,0000;4913,3999;626,3000;2967,1001;1817,0000;1329,2000;513,0000;303,4000;997,0000;769,3000;647,7000;1142,9000;1572,4000;1225,7000;1515,6000;1021,1000;611,7000;1438,3000;848,2000;1315,7000;1281,0000;1313,8000;1020,0000;3450,3999;896,7000;692,4000
32944,0000;335,7000;1403,3000;2006,2000;877,6000;1357,6000;841,3000;853,8000;852,8000;810,3000;1237,2000;1127,7000;686,7000;953,7000;1085,8000;954,7000;1299,0000;4880,3999;1021,6000;1368,5000;972,9000;839,0000;407,3000;2612,3000;2113,8000;148,9000;668,5000;1479,2000;1411,0000;1034,0000;766,3000;509,2000;2060,7000;1194,3000;497,2000;678,6000;1209,1000;503,8000;964,2000;533,0000;628,1000;1386,7000;320,4000;747,5000;2163,3000;1109,6000;723,9000;8151,6001;879,1000;813,0000;4329,7998;510,8000;804,1000;544,3000;704,0000;1252,7000;740,2000;110,4000;1284,5000;1865,6000;880,3000;832,0000;4898,2002;623,2000;2897,6001;1796,4000;1296,0000;510,7000;299,3000;986,6000;758,3000;642,8000;1113,7000;1619,7000;1207,3000;1479,0000;1021,1000;604,8000;1418,1000;837,8000;1302,9000;1255,3000;1302,0000;1015,6000;3426,7000;890,8000;697,7000
32945,0000;332,5000;1364,1000;1995,1000;871,6000;1328,1000;828,8000;844,4000;836,9000;778,1000;1213,2000;1135,4000;667,7000;926,0000;1047,8000;949,4000;1270,0000;4825,7002;1008,7000;1347,7000;959,2000;822,6000;394,9000;2498,1001;2044,2000;149,7000;626,7000;1441,8000;1393,1000;998,4000;757,2000;504,5000;2038,0000;1182,1000;482,7000;671,9000;1166,8000;497,2000;940,8000;524,7000;611,6000;1311,0000;315,7000;731,1000;2180,6001;1092,3000;723,9000;8107,7002;858,7000;791,5000;4261,1001;497,8000;774,8000;527,8000;704,0000;1233,3000;727,3000;105,6000;1252,4000;1849,1000;859,1000;814,6000;4738,0000;616,9000;2886,0000;1775,9000;1271,0000;522,6000;294,4000;952,0000;734,4000;623,2000;1084,6000;1585,9000;1170,5000;1464,4000;1026,9000;587,7000;1389,1000;827,3000;1284,3000;1210,2000;1278,3000;998,1000;3344,0000;879,0000;687,0000
32946,0000;319,2000;1364,1000;2017,3000;859,7000;1313,3000;808,0000;839,6000;811,4000;778,1000;1205,2000;1120,0000;664,1000;916,7000;1056,3000;912,2000;1229,4000;4783,1001;1002,3000;1330,5000;945,5000;806,1000;390,0000;2367,3999;2033,5000;150,6000;637,9000;1408,1000;1375,2000;952,4000;748,2000;485,6000;2001,2000;1145,3000;480,3000;651,8000;1166,8000;490,5000;925,2000;519,2000;592,6000;1248,0000;303,0000;717,9000;2120,2000;1074,9000;694,4000;8063,8999;838,3000;770,0000;4219,7998;476,1000;748,5000;519,6000;704,0000;1217,4000;720,9000;104,0000;1252,4000;1816,1000;848,4000;791,3000;4722,7002;607,4000;2847,3000;1775,9000;1271,0000;508,3000;292,9000;952,0000;724,4000;628,1000;1062,8000;1552,2000;1121,5000;1454,7000;1021,1000;570,5000;1363,1000;812,6000;1247,2000;1171,6000;1231,0000;971,8000;3261,3000;814,1000;654,8000
32947,0000;321,1000;1357,6000;2028,4000;871,6000;1291,2000;808,0000;858,5000;827,3000;778,1000;1205,2000;1112,4000;664,1000;912,1000;1098,5000;917,5000;1264,2000;4698,0000;1008,7000;1320,1000;952,4000;817,1000;392,5000;2247,7000;2001,4000;148,1000;629,5000;1385,6000;1348,5000;946,4000;743,7000;504,5000;1992,7000;1124,8000;485,1000;645,0000;1178,9000;487,1000;925,2000;516,4000;599,6000;1311,0000;300,7000;717,9000;2137,5000;1080,7000;684,5000;8239,2002;838,3000;776,3000;4247,2998;476,1000;736,8000;507,2000;701,5000;1217,4000;714,4000;104,5000;1257,8000;1799,6000;848,4000;801,0000;4692,2002;604,3000;2835,7000;1827,2000;1304,3000;498,7000;292,5000;955,5000;713,4000;628,1000;1070,1000;1585,9000;1127,6000;1464,4000;1015,3000;580,8000;1334,2000;823,1000;1235,8000;1165,2000;1266,5000;984,9000;3190,3999;831,8000;649,4000
32948,0000;318,5000;1357,6000;1973,0000;871,6000;1283,8000;811,3000;882,1000;843,2000;783,4000;1197,2000;1104,7000;660,6000;907,4000;1119,6000;922,8000;1241,0000;4643,2998;1021,6000;1320,1000;938,7000;811,6000;394,9000;2138,8999;1953,2000;148,1000;632,3000;1348,1000;1357,4000;965,7000;743,7000;485,6000;1964,4000;1128,9000;480,3000;648,4000;1172,8000;493,8000;911,6000;521,9000;592,6000;1304,7000;298,2000;717,9000;2128,8999;1063,4000;664,8000;8283,0000;831,4000;780,1000;4261,1001;476,1000;733,9000;507,2000;699,0000;1217,4000;714,4000;103,2000;1268,5000;1807,8000;848,4000;803,0000;4684,6001;604,3000;2785,5000;1806,7000;1287,7000;503,5000;288,7000;990,1000;713,4000;618,3000;1091,9000;1565,7000;1133,8000;1449,8000;1015,3000;573,9000;1316,8000;810,5000;1241,5000;1171,6000;1242,8000;949,9000;3154,8999;831,8000;644,1000
32951,0000;312,2000;1305,4000;1928,6000;841,8000;1224,8000;777,2000;863,2000;840,0000;762,0000;1149,4000;1112,4000;642,9000;856,5000;1115,4000;880,4000;1159,9000;4497,5000;1005,5000;1271,7000;897,6000;784,2000;392,5000;1883,1000;1905,1000;142,2000;610,0000;1310,7000;1312,7000;934,6000;716,7000;468,6000;1896,5000;1096,2000;461,0000;635,0000;1119,6000;483,8000;877,4000;497,0000;578,0000;1279,5000;283,9000;691,6000;2068,5000;1028,7000;640,2000;8195,4004;776,9000;766,2000;3986,2000;454,5000;701,7000;499,0000;675,1000;1182,1000;695,1000;101,3000;1241,7000;1692,3000;844,9000;764,3000;4379,3999;582,2000;2646,3999;1724,6000;1262,7000;484,4000;279,6000;969,3000;689,5000;588,8000;1055,5000;1552,2000;1090,9000;1388,9000;1009,5000;549,9000;1276,3000;766,6000;1141,6000;1107,2000;1183,6000;919,3000;3107,7000;808,2000;606,5000
32952,0000;305,2000;1259,7000;1906,5000;853,7000;1224,8000;728,9000;853,8000;820,9000;735,1000;1117,4000;1066,3000;614,7000;801,0000;1073,2000;838,0000;1159,9000;4467,1001;999,1000;1271,7000;883,9000;778,7000;385,1000;1850,4000;1819,5000;140,5000;582,2000;1303,2000;1241,3000;904,9000;698,6000;466,7000;1842,7000;1030,7000;448,9000;638,3000;1160,7000;470,5000;872,6000;491,4000;567,9000;1279,5000;276,0000;671,8000;2137,5000;1005,6000;625,4000;8239,2002;742,8000;729,4000;3986,2000;432,8000;666,7000;461,9000;624,8000;1102,7000;688,7000;97,3000;1182,8000;1659,3000;844,9000;744,9000;4486,2002;569,7000;2592,3999;1693,8000;1254,4000;477,2000;277,0000;969,3000;660,5000;559,4000;1004,5000;1545,4000;1048,0000;1352,3000;945,7000;549,9000;1212,6000;764,5000;1138,8000;1068,6000;1177,7000;906,1000;3072,2000;808,2000;585,0000
32953,0000;305,2000;1259,7000;1906,5000;853,7000;1224,8000;728,9000;853,8000;820,9000;735,1000;1117,4000;1066,3000;614,7000;801,0000;1073,2000;838,0000;1159,9000;4467,1001;999,1000;1271,7000;883,9000;778,7000;385,1000;1850,4000;1819,5000;140,5000;582,2000;1303,2000;1241,3000;904,9000;698,6000;466,7000;1842,7000;1030,7000;448,9000;638,3000;1160,7000;470,5000;872,6000;491,4000;567,9000;1279,5000;276,0000;671,8000;2137,5000;1005,6000;625,4000;8239,2002;742,8000;729,4000;3986,2000;432,8000;666,7000;461,9000;624,8000;1102,7000;688,7000;97,3000;1182,8000;1659,3000;844,9000;744,9000;4486,2002;569,7000;2592,3999;1693,8000;1254,4000;477,2000;277,0000;969,3000;660,5000;559,4000;1004,5000;1545,4000;1048,0000;1352,3000;945,7000;549,9000;1212,6000;764,5000;1138,8000;1068,6000;1177,7000;906,1000;3072,2000;808,2000;585,0000
32954,0000;297,6000;1253,1000;1906,5000;770,1000;1173,1000;699,7000;844,4000;789,1000;697,6000;1141,4000;982,0000;609,0000;763,9000;1009,8000;795,5000;1159,9000;4327,2998;973,3000;1226,8000;890,7000;762,2000;394,9000;1698,0000;1840,9000;132,2000;523,7000;1209,6000;1152,0000;853,0000;671,6000;449,8000;1865,3000;1002,1000;451,3000;604,7000;1088,2000;430,4000;818,9000;466,4000;533,0000;1285,8000;268,1000;622,4000;1999,6000;1017,1000;586,0000;8239,2002;701,9000;694,0000;4027,3999;423,8000;625,7000;449,5000;599,7000;1055,1000;662,9000;94,4000;1065,1000;1733,6000;827,2000;733,3000;4348,7998;528,7000;2565,3000;1683,5000;1204,6000;448,6000;277,4000;931,2000;638,6000;539,8000;1004,5000;1565,7000;1011,2000;1315,8000;928,3000;532,7000;1143,1000;764,5000;1007,5000;1055,7000;1148,1000;879,9000;3025,0000;755,1000;579,7000
32955,0000;296,3000;1305,4000;1917,5000;782,1000;1246,9000;708,9000;858,5000;811,4000;751,2000;1181,3000;1097,0000;611,1000;819,5000;1014,0000;800,8000;1206,2000;4357,7002;982,9000;1261,3000;911,3000;800,6000;402,3000;1845,0000;1958,6000;133,8000;548,7000;1239,5000;1196,6000;853,0000;671,6000;440,8000;2035,2000;1051,2000;494,8000;611,4000;1070,1000;440,4000;828,7000;477,5000;529,8000;1285,8000;267,4000;632,3000;2077,1001;1103,8000;615,6000;8020,1001;708,8000;702,8000;4068,7000;454,5000;631,6000;449,5000;608,5000;1076,3000;688,7000;92,2000;1070,4000;1758,3000;859,1000;754,6000;4348,7998;544,5000;2588,5000;1745,1000;1204,6000;467,7000;281,5000;962,4000;627,6000;569,2000;1004,5000;1538,7000;1060,2000;1388,9000;934,1000;539,5000;1157,6000;800,1000;1068,8000;1113,7000;1157,6000;928,0000;3036,8000;796,4000;595,8000
32958,0000;309,6000;1338,0000;1984,1000;782,1000;1328,1000;733,0000;919,8000;862,3000;788,8000;1261,1000;1135,4000;644,3000;879,7000;1111,2000;864,5000;1281,6000;4552,2002;1031,3000;1382,3000;986,6000;844,5000;422,1000;2117,1001;2140,5000;130,5000;571,0000;1306,9000;1285,9000;873,8000;716,7000;462,0000;2086,1001;1133,0000;506,9000;635,0000;1111,2000;473,8000;882,3000;497,0000;564,1000;1374,0000;285,2000;668,5000;2189,2000;1126,9000;659,9000;8370,7002;783,7000;758,6000;4096,1001;480,5000;678,4000;482,5000;585,8000;1162,7000;733,7000;93,6000;1150,7000;1832,6000;915,6000;798,1000;4425,1001;569,7000;2696,7000;1837,5000;1296,0000;474,9000;300,4000;1014,3000;664,5000;598,6000;1099,2000;1545,4000;1103,1000;1427,9000;957,3000;563,6000;1244,4000;858,7000;1190,1000;1197,3000;1242,8000;1006,8000;3095,8999;802,3000;633,3000
32959,0000;324,2000;1380,4000;1934,2000;804,5000;1372,3000;758,5000;901,0000;846,6000;767,3000;1261,1000;1198,7000;639,0000;882,0000;1139,3000;870,5000;1282,2000;4667,0000;1009,8000;1382,3000;1003,8000;853,4000;431,2000;2320,8000;2044,2000;139,4000;571,0000;1323,3000;1271,7000;886,4000;721,2000;496,9000;2126,3000;1124,8000;515,3000;655,1000;1122,3000;468,6000;925,7000;478,8000;586,6000;1294,8000;289,8000;676,9000;2221,5000;1159,0000;646,8000;8778,2998;772,5000;741,5000;4195,7002;479,2000;691,5000;501,0000;562,9000;1134,5000;726,3000;98,3000;1126,2000;1786,2000;899,4000;861,0000;4592,2002;579,1000;2831,8999;1853,4000;1274,2000;478,6000;310,8000;1019,2000;658,5000;595,7000;1080,3000;1565,7000;1081,7000;1498,8000;965,5000;551,2000;1217,5000;853,7000;1172,1000;1226,6000;1308,5000;1024,3000;3092,3000;782,1000;610,2000
32960,0000;337,6000;1321,5000;1911,9000;779,3000;1394,5000;733,3000;905,7000;813,2000;745,9000;1309,0000;1252,8000;667,4000;863,4000;1071,4000;832,0000;1295,0000;4715,7002;986,1000;1382,3000;1072,5000;925,1000;431,2000;2233,6001;2012,1000;144,0000;534,8000;1254,1000;1280,7000;835,6000;743,7000;482,7000;2188,8000;1096,2000;529,8000;671,9000;1166,1000;458,6000;930,6000;453,8000;568,1000;1332,7000;286,6000;620,8000;2290,7000;1245,9000;636,9000;9348,9004;752,0000;710,9000;4181,2002;479,2000;662,1000;463,8000;543,0000;1097,3000;739,9000;99,6000;1142,3000;1753,1000;878,2000;833,9000;4584,6001;560,2000;2835,7000;1874,0000;1257,5000;478,6000;310,8000;993,8000;648,6000;580,9000;1073,0000;1552,1000;1069,4000;1555,0000;965,5000;536,7000;1187,8000;895,6000;1126,4000;1162,1000;1308,5000;1002,5000;3080,5000;764,3000;588,6000
32961,0000;338,9000;1321,5000;1878,6000;766,8000;1431,3000;720,7000;867,9000;813,2000;783,4000;1380,8000;1268,3000;681,6000;882,0000;1071,4000;809,9000;1326,9000;4727,8999;959,0000;1427,2000;1051,9000;948,3000;451,1000;2124,6001;2028,2000;152,3000;540,4000;1238,7000;1262,8000;828,2000;721,2000;482,7000;2205,8000;1096,2000;539,5000;661,8000;1129,6000;441,9000;979,6000;448,2000;573,2000;1231,6000;283,4000;607,6000;2282,0000;1257,5000;636,9000;9173,2998;738,3000;703,3000;4166,7998;479,2000;668,0000;455,5000;536,4000;1099,1000;787,4000;104,7000;1136,9000;1777,9000;864,0000;844,6000;4653,3999;544,5000;2820,3000;1915,2000;1265,8000;454,6000;312,7000;975,6000;633,6000;566,2000;1051,1000;1497,6000;1100,1000;1562,3000;983,0000;522,2000;1184,8000;883,1000;1111,6000;1187,9000;1344,2000;1011,2000;3187,1001;746,5000;567,0000
32962,0000;336,9000;1243,0000;1778,6000;766,8000;1335,4000;674,6000;816,1000;836,6000;762,0000;1340,9000;1175,5000;681,6000;868,1000;1071,4000;820,9000;1288,6000;4533,2002;996,2000;1351,2000;1017,5000;919,4000;436,2000;2048,3999;1937,2000;146,8000;523,7000;1200,2000;1209,1000;774,5000;698,6000;487,5000;2146,2000;1018,5000;520,1000;651,8000;1190,4000;415,1000;950,2000;425,9000;554,1000;1136,9000;270,7000;544,8000;2204,2000;1228,6000;622,0000;9261,0996;683,6000;662,5000;4123,3999;466,1000;638,5000;414,1000;529,8000;1078,7000;760,3000;104,7000;1153,0000;1777,9000;878,2000;798,1000;4492,8999;522,5000;2743,0000;1822,5000;1240,8000;449,8000;303,2000;953,7000;628,6000;551,4000;1021,9000;1572,5000;1075,5000;1471,9000;1000,4000;507,7000;1164,0000;851,6000;1061,5000;1187,9000;1260,9000;971,8000;3104,2000;740,6000;529,2000
32965,0000;326,2000;1203,8000;1667,4000;678,8000;1269,0000;666,3000;745,3000;752,9000;697,6000;1269,1000;1129,1000;639,0000;844,8000;985,5000;760,3000;1231,2000;4320,2002;860,7000;1316,6000;955,6000;867,3000;413,9000;1803,2000;1926,5000;136,6000;526,5000;1127,1000;1209,1000;731,2000;640,0000;452,0000;2089,3999;1014,4000;505,6000;624,9000;1129,6000;374,9000;871,8000;400,9000;504,4000;1073,7000;261,1000;505,2000;2091,8000;1176,4000;567,2000;8778,2998;646,0000;617,9000;4036,6001;435,6000;612,1000;402,1000;476,8000;972,7000;706,0000;104,7000;1072,6000;1736,6000;779,0000;735,2000;4317,2002;525,6000;2615,5000;1750,4000;1199,2000;430,7000;288,1000;855,4000;586,7000;502,2000;963,5000;1511,2000;1014,1000;1454,7000;913,2000;464,2000;1069,0000;818,0000;995,2000;1097,5000;1213,3000;949,9000;3033,1001;681,4000;491,4000
32966,0000;347,6000;1269,2000;1756,3000;691,3000;1328,1000;670,5000;797,2000;759,6000;745,9000;1436,7000;1237,3000;653,2000;882,0000;1053,4000;787,9000;1314,1000;4551,3999;874,2000;1392,7000;1038,1000;936,7000;446,1000;1988,5000;1969,3000;134,8000;515,3000;1154,1000;1227,0000;731,2000;685,1000;482,7000;2242,7000;1022,6000;541,9000;638,3000;1202,5000;405,0000;969,8000;423,2000;522,3000;1136,9000;264,6000;534,9000;2230,2000;1274,9000;572,2000;9217,2002;683,6000;639,6000;3993,1001;470,4000;626,8000;410,4000;503,3000;976,4000;767,1000;105,5000;1072,6000;1811,0000;786,1000;773,9000;4500,5000;519,3000;2700,5000;1853,4000;1240,8000;454,6000;307,0000;870,0000;586,7000;521,9000;1007,3000;1511,2000;1069,4000;1528,1000;942,3000;485,9000;1092,8000;868,4000;987,8000;1129,8000;1284,7000;1015,6000;3127,8999;722,8000;496,8000
32967,0000;331,6000;1282,3000;1723,0000;672,5000;1313,3000;678,8000;806,6000;769,7000;740,5000;1420,7000;1198,7000;616,3000;877,3000;1030,8000;776,9000;1320,5000;4399,2998;881,0000;1340,8000;1003,8000;913,6000;438,7000;1983,0000;1974,7000;129,2000;479,1000;1138,7000;1173,2000;737,1000;698,6000;470,9000;2177,3999;1043,0000;532,2000;624,9000;1153,9000;421,8000;940,4000;423,2000;512,7000;1130,6000;259,5000;528,3000;2221,5000;1257,5000;592,1000;9524,4004;676,8000;649,7000;3978,7000;470,4000;623,8000;418,2000;503,3000;976,4000;746,7000;105,5000;1110,1000;1877,1000;779,0000;756,5000;4317,2002;525,6000;2588,5000;1832,8000;1215,9000;466,6000;307,0000;851,8000;586,7000;531,7000;1043,8000;1518,0000;1081,7000;1515,9000;919,0000;485,9000;1095,7000;841,1000;987,8000;1168,5000;1225,2000;1015,6000;3222,6001;711,0000;513,0000
32968,0000;330,2000;1236,5000;1734,1000;672,5000;1313,3000;673,8000;834,9000;769,7000;751,2000;1444,7000;1190,9000;587,9000;900,6000;1035,3000;787,9000;1339,6000;4429,7002;830,2000;1378,8000;1031,3000;954,1000;453,5000;2081,1001;1980,0000;125,5000;451,2000;1173,3000;1209,1000;780,4000;703,1000;482,7000;2228,5000;1079,8000;554,0000;611,4000;1191,6000;435,2000;979,6000;456,6000;541,4000;1136,9000;262,7000;561,3000;2126,3999;1298,1000;577,2000;9305,0000;690,5000;688,0000;3834,0000;470,4000;617,9000;426,5000;491,4000;985,7000;753,5000;102,8000;1072,6000;2009,5000;775,5000;759,4000;4317,2002;525,6000;2588,5000;1853,4000;1240,8000;461,8000;310,4000;884,6000;583,7000;546,5000;1073,0000;1586,1000;1137,0000;1552,5000;930,6000;511,3000;1107,6000;874,7000;995,2000;1187,9000;1296,6000;1050,6000;3388,5000;699,1000;523,8000
32969,0000;329,5000;1328,1000;1800,8000;691,3000;1260,2000;704,0000;844,4000;759,6000;788,8000;1428,7000;1221,9000;624,8000;937,7000;1026,2000;848,5000;1365,1000;4429,7002;833,6000;1385,7000;1045,0000;965,6000;453,5000;2086,5000;2049,6001;124,6000;487,5000;1250,2000;1244,9000;838,6000;712,2000;492,2000;2214,3000;1108,5000;556,4000;655,1000;1239,0000;458,6000;1009,0000;476,1000;589,1000;1200,0000;285,3000;601,0000;2238,8000;1303,9000;617,0000;9392,7998;738,3000;745,3000;3978,7000;496,6000;670,9000;451,4000;511,2000;1009,9000;787,4000;102,8000;1099,4000;2150,0000;779,0000;797,2000;4416,5000;560,2000;2627,1001;1832,8000;1257,5000;466,6000;318,4000;891,8000;638,6000;590,8000;1116,7000;1654,2000;1161,6000;1557,4000;959,7000;544,0000;1181,9000;860,0000;1061,5000;1200,8000;1332,3000;1046,2000;3424,1001;716,9000;556,2000
32972,0000;332,2000;1387,0000;1823,0000;735,3000;1305,9000;743,4000;867,9000;793,1000;821,0000;1476,6000;1221,9000;639,0000;979,5000;1039,8000;892,6000;1409,8000;4484,5000;870,9000;1441,0000;1058,8000;988,7000;473,4000;2124,6001;2087,0000;132,0000;529,2000;1234,9000;1316,5000;849,1000;730,2000;482,7000;2208,7000;1165,7000;570,9000;658,5000;1251,1000;472,0000;1038,4000;467,7000;601,2000;1256,9000;292,7000;597,7000;2325,2000;1303,9000;646,8000;9392,7998;758,8000;732,6000;4253,6001;509,6000;691,5000;472,1000;537,7000;1076,8000;807,8000;102,8000;1147,7000;2158,3000;789,7000;815,5000;4439,3999;582,2000;2801,0000;1894,6000;1349,1000;502,5000;327,9000;906,4000;665,5000;615,4000;1153,2000;1620,1000;1180,0000;1589,2000;959,7000;554,8000;1205,6000;870,5000;1091,0000;1239,5000;1391,8000;1107,5000;3424,1001;740,6000;572,4000
32973,0000;344,9000;1321,5000;1789,7000;710,2000;1291,2000;708,2000;830,2000;779,7000;783,4000;1436,7000;1221,9000;624,8000;965,5000;1017,2000;854,0000;1390,7000;4441,8999;867,5000;1451,4000;1045,0000;971,4000;461,0000;2070,2000;2033,5000;130,2000;523,7000;1223,3000;1307,6000;834,1000;725,7000;487,5000;2191,6001;1133,0000;558,8000;638,3000;1213,4000;461,9000;999,2000;448,2000;576,4000;1162,2000;285,0000;577,8000;2394,3999;1280,7000;617,0000;9568,2998;717,8000;719,8000;4340,3999;487,9000;653,3000;447,2000;561,6000;1032,2000;794,2000;105,5000;1131,6000;2158,3000;761,3000;791,3000;4278,8999;569,7000;2781,7000;1863,7000;1299,1000;481,0000;324,8000;862,7000;618,6000;595,7000;1124,0000;1640,6000;1173,8000;1613,7000;930,6000;529,5000;1190,8000;851,6000;1037,9000;1213,7000;1320,4000;1072,5000;3459,6001;752,4000;556,2000
32974,0000;332,9000;1341,2000;1834,1000;697,6000;1291,2000;709,0000;830,2000;776,3000;783,4000;1420,7000;1268,3000;618,5000;988,7000;994,6000;843,0000;1365,1000;4393,2002;891,2000;1486,0000;1031,3000;971,4000;463,4000;2086,5000;2033,5000;127,4000;515,3000;1238,7000;1307,6000;828,2000;734,7000;487,5000;2174,6001;1137,1000;554,0000;638,3000;1213,4000;461,9000;1009,0000;439,9000;580,2000;1162,2000;283,4000;571,2000;2532,7000;1274,9000;622,0000;9480,5000;697,3000;719,8000;4166,7998;474,8000;653,3000;447,2000;597,3000;1056,3000;801,0000;106,8000;1131,6000;2150,0000;764,9000;786,5000;4340,1001;566,5000;2743,0000;1832,8000;1315,8000;483,3000;325,6000;859,1000;626,6000;580,9000;1102,2000;1633,7000;1167,7000;1630,8000;948,1000;540,3000;1175,9000;857,9000;1046,8000;1220,2000;1308,5000;1059,4000;3518,8000;728,7000;545,4000
32975,0000;343,6000;1373,9000;1834,1000;697,6000;1298,5000;708,2000;825,5000;769,7000;783,4000;1412,7000;1276,0000;614,2000;998,0000;994,6000;843,0000;1377,9000;4362,7998;898,0000;1472,1000;1017,5000;948,3000;468,4000;2032,0000;2054,8999;129,2000;501,4000;1223,3000;1316,5000;822,2000;743,7000;496,9000;2126,3000;1137,1000;539,5000;641,7000;1184,3000;445,2000;999,2000;439,9000;572,6000;1193,7000;280,2000;577,8000;2506,8000;1234,3000;626,9000;9480,5000;711,0000;705,8000;4065,5000;483,5000;656,2000;443,1000;582,7000;1058,2000;801,0000;111,9000;1142,3000;2158,3000;772,0000;778,8000;4431,7998;572,8000;2820,3000;1822,5000;1349,1000;478,6000;322,2000;862,7000;637,6000;580,9000;1124,0000;1654,2000;1192,3000;1611,2000;942,3000;533,1000;1172,9000;860,0000;1042,3000;1252,5000;1308,5000;1059,4000;3672,8999;728,7000;545,4000
32976,0000;343,6000;1360,8000;1800,8000;691,3000;1298,5000;707,3000;806,6000;766,3000;772,7000;1388,8000;1260,5000;597,2000;998,0000;1003,6000;820,9000;1326,9000;4375,0000;867,5000;1430,7000;1024,4000;942,5000;458,5000;2032,0000;2060,3000;128,3000;507,0000;1231,0000;1325,5000;840,1000;743,7000;492,2000;2117,8000;1137,1000;537,1000;631,6000;1190,4000;448,5000;979,6000;437,1000;573,2000;1193,7000;278,0000;567,9000;2480,8000;1228,6000;617,0000;9305,0000;697,3000;710,9000;4166,7998;474,8000;650,3000;443,1000;600,0000;1078,7000;787,4000;111,1000;1136,9000;2141,8000;772,0000;764,3000;4576,8999;572,8000;2743,0000;1791,6000;1382,4000;500,1000;324,1000;880,9000;626,6000;576,0000;1087,6000;1606,5000;1167,7000;1616,1000;942,3000;522,2000;1172,9000;849,5000;1039,4000;1226,6000;1272,8000;1033,1000;3589,8999;722,8000;545,4000
32979,0000;340,9000;1328,1000;1756,3000;691,3000;1283,8000;711,5000;797,2000;752,9000;756,6000;1364,9000;1237,3000;580,8000;965,5000;981,0000;804,4000;1333,2000;4308,0000;867,5000;1403,0000;990,0000;925,1000;443,6000;2021,1000;2033,5000;125,5000;493,0000;1204,1000;1316,5000;834,1000;739,2000;487,5000;2078,1001;1112,5000;529,8000;631,6000;1157,6000;438,5000;962,9000;428,7000;573,2000;1155,8000;277,1000;564,6000;2403,0000;1222,8000;602,1000;9305,0000;690,5000;723,6000;4137,7998;466,1000;638,5000;426,5000;589,4000;1063,8000;767,1000;107,1000;1126,2000;2075,6001;757,8000;742,0000;4538,7002;566,5000;2704,3999;1760,7000;1332,5000;500,1000;316,5000;877,3000;612,6000;566,2000;1073,0000;1626,9000;1155,4000;1589,2000;924,8000;511,3000;1164,0000;836,9000;1030,5000;1194,4000;1260,9000;1011,2000;3483,3000;705,1000;539,5000
32980,0000;340,9000;1328,1000;1767,4000;685,1000;1261,6000;709,8000;801,9000;759,6000;767,3000;1364,9000;1221,9000;572,3000;947,0000;976,5000;804,4000;1339,6000;4222,8999;864,1000;1384,8000;962,5000;902,0000;441,1000;2026,6000;2033,5000;125,5000;493,0000;1169,5000;1307,6000;835,6000;757,2000;482,7000;2049,7000;1116,6000;510,5000;631,6000;1153,9000;445,2000;960,0000;428,7000;592,3000;1162,2000;277,1000;561,3000;2377,1001;1205,4000;592,1000;9348,9004;683,6000;738,9000;4195,7002;466,1000;626,8000;426,5000;586,7000;1063,8000;760,3000;107,1000;1147,7000;2075,6001;757,8000;735,2000;4554,0000;566,5000;2650,3000;1781,3000;1307,5000;500,1000;313,5000;873,6000;618,6000;561,2000;1094,9000;1586,1000;1112,4000;1559,9000;924,8000;518,6000;1164,0000;805,4000;1033,5000;1175,0000;1213,3000;1011,2000;3424,1001;716,9000;537,9000
32981,0000;344,3000;1393,5000;1745,2000;722,8000;1320,7000;729,1000;816,1000;766,3000;767,3000;1396,8000;1276,0000;592,2000;965,5000;990,1000;804,4000;1358,8000;4326,2998;877,6000;1419,4000;983,1000;925,1000;448,6000;2097,3999;2022,8000;126,5000;504,2000;1204,1000;1352,4000;850,6000;793,3000;487,5000;2072,3999;1133,0000;527,4000;635,0000;1178,2000;458,6000;979,6000;442,6000;600,0000;1256,9000;293,0000;584,4000;2532,7000;1228,6000;607,0000;8997,7002;717,8000;752,9000;4253,6001;470,4000;647,4000;430,7000;594,7000;1088,0000;767,1000;107,1000;1153,0000;2092,1001;764,9000;783,6000;4722,1001;579,1000;2650,3000;1791,6000;1357,4000;509,7000;318,4000;873,6000;633,6000;585,9000;1109,5000;1599,7000;1112,4000;1672,3000;942,3000;525,8000;1184,8000;826,4000;1067,4000;1194,4000;1213,3000;1033,1000;3435,8999;740,6000;550,8000
32982,0000;339,6000;1393,5000;1800,8000;729,1000;1328,1000;730,8000;834,9000;783,0000;772,7000;1380,8000;1268,3000;603,5000;970,2000;1035,3000;832,0000;1371,5000;4289,7998;887,8000;1405,6000;983,1000;913,6000;443,6000;2119,2000;2054,8999;132,9000;523,7000;1273,3000;1361,3000;902,8000;811,3000;520,6000;2063,8999;1145,3000;522,6000;645,0000;1170,9000;465,3000;979,6000;451,0000;616,5000;1282,2000;300,0000;584,4000;2506,8000;1205,4000;617,0000;9173,2998;731,5000;778,4000;4253,6001;470,4000;662,1000;459,6000;589,4000;1149,3000;760,3000;108,7000;1163,8000;2067,3000;779,0000;778,8000;4630,3999;588,5000;2681,2000;1750,4000;1365,8000;533,6000;315,0000;910,0000;666,5000;605,6000;1131,3000;1599,7000;1118,5000;1647,9000;959,7000;536,7000;1223,4000;834,8000;1130,8000;1200,8000;1225,2000;1033,1000;3388,5000;764,3000;561,6000
32983,0000;339,6000;1400,0000;1834,1000;716,5000;1328,1000;733,3000;834,9000;793,1000;772,7000;1380,8000;1345,6000;604,3000;970,2000;1035,3000;837,5000;1377,9000;4228,8999;870,9000;1409,0000;990,0000;913,6000;438,7000;2124,6001;2065,6001;136,6000;529,2000;1319,5000;1361,3000;898,3000;811,3000;520,6000;2063,8999;1153,4000;522,6000;655,1000;1156,4000;488,7000;969,8000;451,0000;605,0000;1275,8000;300,9000;584,4000;2489,5000;1205,4000;602,1000;8997,7002;752,0000;761,9000;4268,0000;479,2000;665,0000;459,6000;602,6000;1149,3000;753,5000;108,7000;1142,3000;2117,0000;743,6000;766,2000;4668,6001;601,1000;2681,2000;1760,7000;1349,1000;526,4000;313,1000;910,0000;667,5000;605,6000;1131,3000;1586,1000;1118,5000;1687,0000;942,3000;547,6000;1244,2000;830,6000;1138,2000;1220,2000;1237,1000;1024,3000;3424,1001;746,5000;572,4000
32986,0000;339,6000;1400,0000;1834,1000;722,8000;1313,3000;740,0000;834,9000;786,4000;762,0000;1364,9000;1306,9000;631,9000;947,0000;1026,2000;848,5000;1352,4000;4174,2002;867,5000;1391,7000;976,3000;902,0000;443,6000;2097,3999;2071,0000;137,5000;532,0000;1300,3000;1352,4000;895,3000;797,8000;511,1000;2049,7000;1161,6000;517,7000;645,0000;1130,9000;475,3000;950,2000;445,4000;598,7000;1269,5000;295,5000;574,5000;2480,8000;1199,6000;607,0000;8953,7998;752,0000;751,7000;4152,2998;435,6000;665,0000;455,5000;602,6000;1134,5000;746,7000;108,7000;1158,4000;2067,3000;736,6000;765,2000;4653,3999;594,8000;2642,6001;1750,4000;1324,1000;521,6000;311,9000;902,8000;660,5000;590,8000;1102,2000;1579,3000;1112,4000;1665,0000;930,6000;536,7000;1220,5000;820,1000;1135,2000;1187,9000;1213,3000;1024,3000;3376,7000;758,4000;572,4000
32987,0000;335,6000;1380,4000;1823,0000;710,2000;1335,4000;733,3000;820,8000;783,0000;762,0000;1372,8000;1291,5000;673,1000;928,4000;1012,7000;832,0000;1346,0000;4162,0000;843,7000;1370,9000;983,1000;907,8000;443,6000;2081,1001;2054,8999;132,9000;529,2000;1307,9000;1343,4000;878,9000;833,9000;511,1000;2066,7000;1145,3000;515,3000;645,0000;1164,9000;461,9000;968,8000;442,6000;600,0000;1187,4000;293,6000;561,3000;2420,3000;1205,4000;587,1000;8953,7998;752,0000;745,3000;4051,0000;474,8000;650,3000;455,5000;569,5000;1125,2000;882,5000;108,7000;1142,3000;2067,3000;779,0000;764,3000;4676,2998;582,2000;2627,1001;1750,4000;1315,8000;526,4000;308,2000;902,8000;678,5000;585,9000;1080,3000;1613,3000;1106,2000;1677,2000;930,6000;529,5000;1217,5000;811,7000;1126,4000;1175,0000;1213,3000;1015,6000;3424,1001;758,4000;561,6000
32988,0000;330,9000;1393,5000;1845,2000;710,2000;1342,8000;737,5000;806,6000;783,0000;762,0000;1356,9000;1252,8000;653,2000;909,8000;1012,7000;809,9000;1346,0000;4149,7998;853,9000;1377,9000;969,4000;902,0000;441,1000;2026,6000;2044,2000;132,9000;526,5000;1346,4000;1370,3000;890,8000;829,4000;511,1000;2041,2000;1145,3000;515,3000;641,7000;1153,9000;465,3000;950,2000;437,1000;592,9000;1231,6000;292,3000;561,3000;2420,3000;1199,6000;597,1000;8997,7002;738,3000;733,8000;4311,3999;487,9000;632,7000;463,8000;558,9000;1134,5000;828,2000;104,7000;1179,9000;2067,3000;757,8000;822,3000;4783,2998;582,2000;2627,1001;1719,5000;1340,8000;526,4000;307,0000;902,8000;688,5000;580,9000;1087,6000;1586,1000;1118,5000;1655,2000;936,5000;529,5000;1232,3000;805,4000;1120,5000;1187,9000;1213,3000;998,1000;3353,0000;793,9000;561,6000
32989,0000;334,2000;1387,0000;1800,8000;710,2000;1342,8000;737,5000;816,1000;759,6000;756,6000;1388,8000;1268,3000;656,8000;895,9000;1003,6000;798,9000;1339,6000;4241,1001;850,5000;1402,1000;976,3000;913,6000;446,1000;2053,8000;2060,3000;137,5000;526,5000;1300,3000;1352,4000;878,9000;811,3000;511,1000;2049,7000;1153,4000;517,7000;638,3000;1141,8000;458,6000;951,2000;442,6000;595,5000;1219,0000;288,5000;574,5000;2454,8999;1222,8000;602,1000;8953,7998;779,3000;731,3000;4282,5000;483,5000;623,8000;459,6000;543,0000;1208,9000;821,4000;104,7000;1153,0000;2067,3000;743,6000;829,1000;4737,3999;585,4000;2692,8000;1740,1000;1315,8000;521,6000;316,5000;910,0000;679,5000;576,0000;1065,7000;1572,5000;1100,1000;1672,3000;953,9000;529,5000;1214,5000;818,0000;1144,1000;1187,9000;1213,3000;1015,6000;3376,7000;799,8000;556,2000
32990,0000;344,3000;1334,6000;1789,7000;716,5000;1350,2000;737,5000;825,5000;769,7000;745,9000;1380,8000;1276,0000;653,2000;886,6000;1008,2000;782,4000;1352,4000;4344,6001;867,5000;1422,9000;962,5000;913,6000;441,1000;2042,9000;2065,6001;134,8000;534,8000;1304,1000;1352,4000;883,4000;802,3000;511,1000;2075,2000;1157,5000;517,7000;648,4000;1153,9000;465,3000;950,2000;434,3000;595,5000;1212,7000;288,2000;577,8000;2403,0000;1222,8000;587,1000;8866,0996;779,3000;731,3000;4268,0000;479,2000;623,8000;455,5000;554,9000;1181,0000;807,8000;103,6000;1195,9000;2034,3000;747,2000;806,8000;4737,3999;585,4000;2681,2000;1760,7000;1324,1000;524,0000;321,0000;921,0000;671,5000;585,9000;1073,0000;1613,3000;1106,2000;1682,1000;959,7000;533,1000;1229,4000;828,5000;1120,5000;1181,4000;1237,1000;1020,0000;3412,2000;782,1000;556,2000
32993,0000;344,3000;1334,6000;1789,7000;716,5000;1350,2000;737,5000;825,5000;769,7000;745,9000;1380,8000;1276,0000;653,2000;886,6000;1008,2000;782,4000;1352,4000;4344,6001;867,5000;1422,9000;962,5000;913,6000;441,1000;2042,9000;2065,6001;134,8000;534,8000;1304,1000;1352,4000;883,4000;802,3000;511,1000;2075,2000;1157,5000;517,7000;648,4000;1153,9000;465,3000;950,2000;434,3000;595,5000;1212,7000;288,2000;577,8000;2403,0000;1222,8000;587,1000;8866,0996;779,3000;731,3000;4268,0000;479,2000;623,8000;455,5000;554,9000;1181,0000;807,8000;103,6000;1195,9000;2034,3000;747,2000;806,8000;4737,3999;585,4000;2681,2000;1760,7000;1324,1000;524,0000;321,0000;921,0000;671,5000;585,9000;1073,0000;1613,3000;1106,2000;1682,1000;959,7000;533,1000;1229,4000;828,5000;1120,5000;1181,4000;1237,1000;1020,0000;3412,2000;782,1000;556,2000
32994,0000;336,9000;1334,6000;1789,7000;716,5000;1350,2000;730,8000;820,8000;763,0000;740,5000;1388,8000;1291,5000;660,3000;905,2000;1003,6000;793,4000;1339,6000;4356,7002;867,5000;1450,6000;983,1000;925,1000;436,2000;2053,8000;2097,7000;135,7000;532,0000;1323,3000;1361,3000;880,4000;811,3000;501,6000;2103,6001;1178,0000;527,4000;651,8000;1163,6000;465,3000;959,0000;442,6000;587,9000;1237,9000;289,8000;577,8000;2420,3000;1240,1000;617,0000;8778,2998;772,5000;727,5000;4239,1001;474,8000;626,8000;455,5000;552,3000;1216,3000;801,0000;103,6000;1228,1000;2050,8000;747,2000;812,6000;4829,1001;585,4000;2704,3999;1771,0000;1307,5000;514,5000;327,9000;917,3000;673,5000;576,0000;1073,0000;1606,5000;1100,1000;1726,1000;959,7000;536,7000;1241,2000;834,8000;1121,9000;1187,9000;1249,0000;1020,0000;3400,3999;793,9000;561,6000
32995,0000;338,9000;1328,1000;1823,0000;735,3000;1357,6000;737,5000;849,1000;763,0000;772,7000;1388,8000;1268,3000;663,9000;905,2000;1062,4000;809,9000;1358,8000;4314,1001;914,9000;1461,0000;976,3000;925,1000;441,1000;2097,3999;2092,3999;141,2000;537,6000;1350,3000;1325,5000;892,3000;806,8000;511,1000;2069,6001;1206,6000;529,8000;668,6000;1189,2000;472,0000;951,2000;448,2000;598,0000;1275,8000;289,8000;581,1000;2420,3000;1245,9000;622,0000;8997,7002;786,2000;751,7000;4268,0000;492,2000;647,4000;467,9000;557,6000;1264,6000;807,8000;104,7000;1217,4000;2092,1001;750,7000;824,2000;4874,8999;598,0000;2766,2000;1791,6000;1332,5000;516,8000;322,9000;939,2000;682,5000;585,9000;1073,0000;1579,3000;1118,5000;1687,0000;977,2000;540,3000;1250,2000;830,6000;1130,8000;1200,8000;1249,0000;1046,2000;3400,3999;793,9000;567,0000
32996,0000;338,9000;1328,1000;1823,0000;735,3000;1357,6000;737,5000;849,1000;763,0000;772,7000;1388,8000;1268,3000;663,9000;905,2000;1062,4000;809,9000;1358,8000;4314,1001;914,9000;1461,0000;976,3000;925,1000;441,1000;2097,3999;2092,3999;141,2000;537,6000;1350,3000;1325,5000;892,3000;806,8000;511,1000;2069,6001;1206,6000;529,8000;668,6000;1189,2000;472,0000;951,2000;448,2000;598,0000;1275,8000;289,8000;581,1000;2420,3000;1245,9000;622,0000;8997,7002;786,2000;751,7000;4268,0000;492,2000;647,4000;467,9000;557,6000;1264,6000;807,8000;104,7000;1217,4000;2092,1001;750,7000;824,2000;4874,8999;598,0000;2766,2000;1791,6000;1332,5000;516,8000;322,9000;939,2000;682,5000;585,9000;1073,0000;1579,3000;1118,5000;1687,0000;977,2000;540,3000;1250,2000;830,6000;1130,8000;1200,8000;1249,0000;1046,2000;3400,3999;793,9000;567,0000
32997,0000;338,9000;1328,1000;1823,0000;735,3000;1357,6000;737,5000;849,1000;763,0000;772,7000;1388,8000;1268,3000;663,9000;905,2000;1062,4000;809,9000;1358,8000;4314,1001;914,9000;1461,0000;976,3000;925,1000;441,1000;2097,3999;2092,3999;141,2000;537,6000;1350,3000;1325,5000;892,3000;806,8000;511,1000;2069,6001;1206,6000;529,8000;668,6000;1189,2000;472,0000;951,2000;448,2000;598,0000;1275,8000;289,8000;581,1000;2420,3000;1245,9000;622,0000;8997,7002;786,2000;751,7000;4268,0000;492,2000;647,4000;467,9000;557,6000;1264,6000;807,8000;104,7000;1217,4000;2092,1001;750,7000;824,2000;4874,8999;598,0000;2766,2000;1791,6000;1332,5000;516,8000;322,9000;939,2000;682,5000;585,9000;1073,0000;1579,3000;1118,5000;1687,0000;977,2000;540,3000;1250,2000;830,6000;1130,8000;1200,8000;1249,0000;1046,2000;3400,3999;793,9000;567,0000
33000,0000;343,6000;1360,8000;1856,4000;766,8000;1364,9000;750,1000;863,2000;799,8000;788,8000;1404,8000;1260,5000;663,9000;919,1000;1085,0000;865,0000;1384,3000;4295,8999;955,6000;1454,0000;990,0000;930,9000;451,1000;2179,1001;2183,3999;138,5000;557,1000;1384,9000;1370,3000;892,3000;829,4000;530,0000;2086,6001;1239,3000;525,0000;675,3000;1239,0000;478,7000;967,8000;462,1000;607,6000;1307,4000;299,4000;604,3000;2463,5000;1240,1000;641,9000;8909,9004;806,7000;764,4000;4441,7002;496,6000;668,0000;480,3000;556,3000;1450,6000;814,6000;106,0000;1244,2000;2117,0000;772,0000;841,7000;4852,0000;613,7000;2797,1001;1791,6000;1340,8000;516,8000;323,3000;971,9000;696,5000;615,4000;1102,2000;1586,1000;1130,8000;1674,8000;988,8000;558,5000;1268,0000;822,2000;1194,2000;1226,6000;1272,8000;1055,0000;3424,1001;805,8000;594,0000
33001,0000;352,3000;1360,8000;1823,0000;760,5000;1357,6000;752,6000;849,1000;793,1000;788,8000;1404,8000;1245,1000;674,5000;900,6000;1076,0000;848,5000;1384,3000;4308,0000;942,0000;1443,6000;983,1000;930,9000;446,1000;2168,2000;2178,0000;143,1000;551,5000;1369,5000;1370,3000;907,3000;815,8000;525,3000;2092,3000;1186,2000;554,0000;678,6000;1208,6000;482,0000;969,8000;473,3000;615,2000;1313,7000;299,4000;614,2000;2454,8999;1245,9000;636,9000;8778,2998;813,5000;772,0000;4629,7002;496,6000;668,0000;472,1000;576,1000;1469,2000;801,0000;106,0000;1222,8000;2092,1001;772,0000;890,0000;4783,2998;604,3000;2773,8999;1801,9000;1382,4000;521,6000;322,9000;964,6000;696,5000;615,4000;1124,0000;1579,3000;1118,5000;1645,5000;994,6000;562,1000;1270,9000;820,1000;1192,7000;1213,7000;1272,8000;1063,7000;3424,1001;817,6000;604,8000
33002,0000;349,6000;1347,7000;1823,0000;779,3000;1357,6000;755,1000;839,6000;793,1000;778,1000;1372,8000;1245,1000;671,0000;891,3000;1066,9000;854,0000;1377,9000;4271,5000;935,2000;1422,9000;969,4000;919,4000;448,6000;2168,2000;2167,3000;152,3000;557,1000;1384,9000;1352,4000;923,7000;806,8000;525,3000;2078,1001;1231,2000;546,7000;678,6000;1191,6000;482,0000;967,8000;473,3000;617,2000;1313,7000;299,4000;614,2000;2411,7000;1222,8000;631,9000;8778,2998;806,7000;789,9000;4571,8999;496,6000;673,9000;484,5000;582,7000;1450,6000;780,6000;104,4000;1201,3000;2067,3000;779,0000;874,5000;4760,2998;610,6000;2762,3000;1781,3000;1374,1000;526,4000;319,2000;961,0000;702,4000;615,4000;1116,7000;1579,3000;1118,5000;1645,5000;988,8000;547,6000;1288,8000;820,1000;1216,3000;1200,8000;1284,7000;1059,4000;3388,5000;811,7000;610,2000
33003,0000;349,6000;1334,6000;1823,0000;766,8000;1350,2000;757,6000;849,1000;789,7000;788,8000;1372,8000;1252,8000;661,1000;891,3000;1066,9000;854,0000;1358,8000;4271,5000;925,1000;1416,0000;969,4000;907,8000;443,6000;2179,1001;2183,3999;155,1000;571,0000;1384,9000;1352,4000;904,3000;811,3000;530,0000;2086,6001;1247,5000;537,1000;675,3000;1178,2000;478,7000;951,2000;464,9000;615,9000;1307,4000;301,9000;610,9000;2411,7000;1211,2000;631,9000;8953,7998;793,0000;770,8000;4731,0000;492,2000;673,9000;505,2000;596,0000;1413,4000;773,8000;103,9000;1179,9000;2042,5000;779,0000;874,5000;4775,6001;613,7000;2789,3999;1760,7000;1382,4000;514,5000;319,9000;946,4000;715,4000;620,3000;1102,2000;1626,9000;1124,7000;1652,8000;994,6000;554,8000;1282,8000;820,1000;1241,4000;1187,9000;1272,8000;1055,0000;3329,3000;776,1000;610,2000
33004,0000;361,6000;1413,1000;1878,6000;791,9000;1364,9000;760,1000;863,2000;803,1000;794,2000;1412,7000;1283,7000;663,9000;891,3000;1080,5000;859,5000;1371,5000;4411,5000;942,0000;1440,2000;983,1000;919,4000;453,5000;2277,2000;2162,0000;148,6000;573,8000;1419,5000;1361,3000;910,2000;815,8000;530,0000;2168,8999;1255,7000;544,3000;695,4000;1190,4000;485,4000;989,4000;470,5000;623,5000;1326,4000;312,1000;630,7000;2437,6001;1228,6000;641,9000;9392,7998;799,8000;778,4000;4875,7002;496,6000;676,8000;505,2000;602,6000;1439,5000;801,0000;107,1000;1174,5000;2017,7000;789,7000;902,6000;4852,0000;623,2000;2897,6001;1781,3000;1382,4000;512,1000;330,1000;968,3000;712,4000;649,9000;1102,2000;1592,9000;1118,5000;1682,1000;1000,4000;562,1000;1309,5000;828,5000;1238,4000;1200,8000;1296,6000;1068,1000;3376,7000;799,8000;637,3000
33007,0000;360,3000;1419,7000;1911,9000;798,2000;1387,1000;780,2000;896,2000;826,5000;810,3000;1404,8000;1252,8000;671,7000;900,6000;1103,1000;903,6000;1371,5000;4490,6001;975,9000;1436,7000;983,1000;930,9000;453,5000;2380,7000;2210,1001;151,4000;576,6000;1504,1000;1388,2000;937,1000;833,9000;530,0000;2171,8000;1268,0000;539,5000;712,2000;1175,8000;502,1000;971,7000;473,3000;643,3000;1389,5000;315,3000;637,3000;2429,0000;1251,7000;676,7000;9436,5996;806,7000;801,3000;4919,1001;500,9000;715,1000;513,5000;649,0000;1422,7000;780,6000;107,1000;1185,2000;2059,1001;800,3000;894,9000;4867,2998;645,2000;2858,8999;1801,9000;1399,1000;519,2000;329,0000;1001,0000;728,4000;654,8000;1116,7000;1572,5000;1130,8000;1660,1000;1017,9000;580,2000;1386,8000;847,4000;1267,9000;1220,2000;1308,5000;1076,9000;3353,0000;817,6000;658,9000
33008,0000;359,0000;1393,5000;1889,7000;842,2000;1379,7000;784,4000;877,4000;823,2000;810,3000;1388,8000;1252,8000;672,4000;900,6000;1089,5000;920,1000;1358,8000;4429,7002;948,8000;1416,0000;983,1000;907,8000;448,6000;2451,5000;2236,8999;147,7000;590,5000;1461,8000;1415,0000;946,1000;820,3000;525,3000;2129,2000;1263,9000;529,8000;715,6000;1150,3000;502,1000;956,1000;476,1000;630,5000;1395,8000;317,5000;643,9000;2394,3999;1240,1000;681,7000;9217,2002;827,2000;801,3000;4904,6001;496,6000;720,9000;521,7000;655,6000;1394,8000;780,6000;107,1000;1174,5000;2042,5000;814,5000;872,6000;4806,2002;645,2000;2866,7000;1781,3000;1457,4000;526,4000;323,3000;997,4000;719,4000;640,0000;1131,3000;1592,9000;1124,7000;1623,4000;1023,7000;580,2000;1374,9000;836,9000;1253,2000;1213,7000;1296,6000;1068,1000;3341,1001;847,2000;653,5000
33009,0000;361,0000;1406,6000;1889,7000;817,0000;1372,3000;779,4000;872,7000;819,9000;810,3000;1380,8000;1245,1000;710,0000;886,6000;1085,0000;920,1000;1358,8000;4411,5000;935,2000;1412,5000;983,1000;913,6000;448,6000;2407,8999;2226,2000;143,1000;612,8000;1534,9000;1433,0000;941,6000;815,8000;520,6000;2143,3999;1251,6000;546,7000;708,9000;1156,4000;495,4000;960,0000;462,1000;633,1000;1345,3000;309,2000;624,1000;2403,0000;1240,1000;681,7000;9217,2002;827,2000;789,9000;4904,6001;500,9000;706,2000;550,7000;647,6000;1417,1000;780,6000;104,4000;1174,5000;2034,3000;807,4000;909,4000;4775,6001;648,3000;2889,8000;1781,3000;1457,4000;536,0000;324,8000;990,1000;715,4000;625,2000;1138,6000;1592,9000;1087,8000;1623,4000;1029,5000;565,7000;1446,1000;843,2000;1248,7000;1200,8000;1284,7000;1059,4000;3341,1001;841,3000;642,7000
33010,0000;367,6000;1380,4000;1889,7000;804,5000;1379,7000;776,9000;882,1000;829,9000;837,1000;1388,8000;1276,0000;724,2000;895,9000;1085,0000;903,6000;1390,7000;4417,6001;931,8000;1426,3000;1010,6000;925,1000;448,6000;2369,8000;2215,5000;143,1000;607,2000;1519,5000;1459,8000;950,5000;820,3000;515,8000;2180,3000;1243,4000;546,7000;705,5000;1191,6000;488,7000;970,8000;456,6000;627,3000;1383,2000;309,2000;624,1000;2446,3000;1245,9000;676,7000;9217,2002;820,3000;786,1000;4875,7002;518,4000;709,2000;534,2000;622,5000;1366,9000;787,4000;104,4000;1185,2000;2009,5000;810,9000;901,6000;4775,6001;632,6000;2882,1001;1801,9000;1432,4000;540,8000;331,7000;979,2000;704,4000;620,3000;1131,3000;1613,3000;1087,8000;1640,6000;1012,1000;576,6000;1425,4000;860,0000;1216,3000;1200,8000;1308,5000;1063,7000;3317,3999;823,5000;621,1000
33011,0000;373,7000;1373,9000;1867,5000;817,0000;1372,3000;775,2000;872,7000;836,6000;821,0000;1372,8000;1268,3000;745,6000;905,2000;1098,6000;870,5000;1403,4000;4356,7002;931,8000;1433,3000;1017,5000;925,1000;451,1000;2358,8999;2210,1001;149,5000;612,8000;1488,8000;1433,0000;946,1000;820,3000;525,3000;2200,1001;1239,3000;546,7000;698,8000;1214,7000;485,4000;962,9000;448,2000;622,9000;1357,9000;305,7000;617,5000;2403,0000;1234,3000;666,7000;9217,2002;799,8000;783,5000;4919,1001;509,6000;694,5000;538,3000;596,0000;1342,8000;787,4000;105,2000;1190,6000;2026,0000;807,4000;902,6000;4661,0000;635,8000;2866,7000;1812,2000;1424,1000;540,8000;329,0000;986,5000;701,4000;620,3000;1153,2000;1606,5000;1087,8000;1625,9000;1000,4000;569,4000;1398,6000;881,0000;1197,1000;1220,2000;1284,7000;1059,4000;3353,0000;799,8000;621,1000
33014,0000;367,0000;1387,0000;1889,7000;804,5000;1364,9000;758,5000;882,1000;833,2000;815,6000;1372,8000;1260,5000;738,4000;895,9000;1094,0000;870,5000;1390,7000;4417,6001;928,5000;1426,3000;990,0000;907,8000;448,6000;2299,0000;2204,8000;149,5000;612,8000;1473,4000;1433,0000;940,1000;806,8000;515,8000;2185,8999;1227,1000;539,5000;698,8000;1239,0000;485,4000;974,7000;442,6000;617,8000;1326,4000;304,8000;610,9000;2385,7000;1222,8000;661,8000;9041,5996;772,5000;774,6000;4861,2002;496,6000;676,8000;534,2000;582,7000;1324,2000;787,4000;105,2000;1206,7000;2050,8000;807,4000;881,3000;4584,6001;623,2000;2835,7000;1822,5000;1424,1000;545,6000;330,5000;968,3000;693,5000;615,4000;1160,5000;1592,9000;1100,1000;1630,8000;1000,4000;569,4000;1383,8000;891,4000;1164,7000;1200,8000;1272,8000;1068,1000;3364,8000;805,8000;610,2000
33015,0000;371,0000;1380,4000;1889,7000;848,5000;1372,3000;765,2000;877,4000;823,2000;815,6000;1412,7000;1260,5000;738,4000;905,2000;1094,0000;903,6000;1428,9000;4429,7002;965,7000;1426,3000;1003,8000;913,6000;446,1000;2337,1001;2220,8000;145,9000;610,0000;1508,0000;1459,8000;947,5000;815,8000;520,6000;2211,5000;1227,1000;539,5000;708,9000;1214,7000;492,1000;969,8000;451,0000;636,9000;1339,0000;306,7000;617,5000;2429,0000;1228,6000;681,7000;9129,4004;779,3000;795,0000;4846,7998;514,0000;703,3000;521,7000;562,9000;1366,9000;780,6000;106,6000;1206,7000;2125,2000;814,5000;898,7000;4531,1001;629,5000;2820,3000;1874,0000;1432,4000;555,1000;333,6000;997,4000;698,4000;635,1000;1167,8000;1586,1000;1124,7000;1655,2000;1017,9000;562,1000;1440,2000;904,0000;1191,2000;1181,4000;1272,8000;1068,1000;3447,8000;817,6000;604,8000
33016,0000;369,7000;1360,8000;1878,6000;817,0000;1387,1000;764,3000;901,0000;839,9000;821,0000;1420,7000;1260,5000;752,7000;900,6000;1085,0000;898,1000;1448,1000;4417,6001;942,0000;1436,7000;1003,8000;919,4000;451,1000;2358,8999;2220,8000;149,5000;612,8000;1500,3000;1459,8000;949,0000;820,3000;520,6000;2185,8999;1227,1000;537,1000;712,2000;1214,7000;492,1000;964,9000;456,6000;636,9000;1339,0000;313,0000;624,1000;2429,0000;1217,0000;676,7000;9129,4004;799,8000;787,3000;4803,3999;509,6000;697,4000;509,3000;569,5000;1365,1000;780,6000;106,0000;1185,2000;2133,5000;814,5000;924,9000;4546,3999;635,8000;2820,3000;1874,0000;1440,7000;552,7000;329,8000;975,6000;703,4000;630,2000;1153,2000;1613,3000;1100,1000;1630,8000;1023,7000;565,7000;1425,4000;914,5000;1201,6000;1181,4000;1296,6000;1072,5000;3471,5000;811,7000;615,6000
33017,0000;363,6000;1367,3000;1878,6000;810,8000;1424,0000;763,5000;891,5000;836,6000;826,4000;1412,7000;1245,1000;731,3000;895,9000;1094,0000;892,6000;1435,3000;4423,7002;931,8000;1426,3000;990,0000;919,4000;446,1000;2304,3999;2199,3999;151,4000;596,1000;1515,7000;1450,9000;958,0000;820,3000;539,5000;2151,8999;1247,5000;532,2000;708,9000;1212,2000;512,1000;978,6000;453,8000;675,1000;1364,3000;328,0000;627,4000;2489,5000;1205,4000;661,8000;9041,5996;786,2000;798,8000;4745,5000;509,6000;706,2000;488,6000;569,5000;1357,6000;773,8000;104,4000;1174,5000;2141,8000;814,5000;909,4000;4554,0000;645,2000;2858,8999;1853,4000;1432,4000;550,3000;331,7000;957,4000;698,4000;630,2000;1138,6000;1626,9000;1094,0000;1638,1000;1023,7000;569,4000;1455,1000;912,4000;1207,5000;1175,0000;1296,6000;1063,7000;3518,8000;811,7000;621,1000
33018,0000;361,0000;1373,9000;1911,9000;810,8000;1431,3000;778,6000;886,8000;853,3000;821,0000;1412,7000;1260,5000;731,3000;909,8000;1098,6000;914,6000;1441,7000;4381,1001;965,7000;1412,5000;983,1000;902,0000;446,1000;2331,7000;2220,8000;152,3000;607,2000;1558,0000;1433,0000;977,4000;815,8000;553,7000;2157,6001;1247,5000;522,6000;698,8000;1190,4000;528,9000;961,9000;464,9000;675,1000;1357,9000;337,6000;643,9000;2524,0000;1182,2000;691,6000;8866,0996;813,5000;815,4000;4745,5000;509,6000;729,8000;505,2000;590,7000;1366,9000;767,1000;107,1000;1206,7000;2183,1001;821,5000;917,1000;4561,7002;648,3000;2839,6001;1822,5000;1399,1000;545,6000;324,1000;971,9000;716,4000;659,7000;1145,9000;1613,3000;1100,1000;1628,3000;1023,7000;573,0000;1499,6000;922,9000;1253,2000;1187,9000;1296,6000;1081,2000;3566,2000;799,8000;631,9000
33021,0000;351,6000;1380,4000;1945,3000;810,8000;1424,0000;785,3000;891,5000;860,0000;831,7000;1404,8000;1260,5000;731,3000;914,5000;1107,6000;942,2000;1454,4000;4381,1001;965,7000;1412,5000;996,9000;902,0000;443,6000;2326,2000;2220,8000;150,5000;618,4000;1558,0000;1433,0000;969,9000;815,8000;567,9000;2188,8000;1243,4000;527,4000;690,4000;1190,4000;538,9000;989,4000;476,1000;668,7000;1395,8000;343,9000;663,7000;2524,0000;1193,8000;706,5000;8822,2002;820,3000;809,0000;4687,6001;514,0000;759,2000;505,2000;609,2000;1355,8000;773,8000;107,1000;1228,1000;2174,8000;853,4000;967,4000;4569,2998;645,2000;2855,1001;1853,4000;1424,1000;536,0000;326,0000;986,5000;708,4000;679,4000;1145,9000;1613,3000;1106,2000;1630,8000;1035,3000;580,2000;1481,8000;939,7000;1267,9000;1187,9000;1320,4000;1076,9000;3589,8999;811,7000;642,7000
33022,0000;359,6000;1367,3000;1911,9000;810,8000;1401,8000;779,4000;882,1000;846,6000;821,0000;1404,8000;1268,3000;738,4000;895,9000;1103,1000;925,6000;1448,1000;4289,7998;945,4000;1395,2000;1010,6000;902,0000;443,6000;2331,7000;2220,8000;147,7000;623,9000;1508,0000;1450,9000;944,6000;815,8000;558,4000;2234,2000;1255,7000;522,6000;680,3000;1178,2000;535,6000;979,6000;467,7000;656,0000;1395,8000;334,4000;647,2000;2498,1001;1199,6000;691,6000;9041,5996;834,0000;787,3000;4731,0000;509,6000;738,6000;501,0000;625,1000;1318,6000;787,4000;107,1000;1201,3000;2158,3000;835,7000;957,7000;4546,3999;632,6000;2843,5000;1894,6000;1407,4000;533,6000;328,2000;979,2000;698,4000;664,6000;1138,6000;1579,3000;1081,7000;1625,9000;1029,5000;569,4000;1428,3000;943,9000;1213,3000;1175,0000;1284,7000;1076,9000;3507,0000;811,7000;631,9000
33023,0000;369,7000;1360,8000;1900,8000;810,8000;1394,5000;789,5000;919,8000;829,9000;842,5000;1404,8000;1268,3000;745,6000;942,3000;1089,5000;925,6000;1486,3000;4283,7002;935,2000;1405,6000;996,9000;902,0000;446,1000;2353,5000;2220,8000;146,8000;623,9000;1484,9000;1459,8000;935,6000;829,4000;563,2000;2242,7000;1276,2000;532,2000;707,2000;1181,9000;528,9000;979,6000;462,1000;668,7000;1370,6000;337,6000;650,5000;2480,8000;1193,8000;691,6000;9173,2998;820,3000;789,9000;4759,8999;509,6000;732,7000;492,8000;631,8000;1335,3000;780,6000;106,3000;1185,2000;2141,8000;835,7000;981,0000;4584,6001;638,9000;2893,7000;1894,6000;1382,4000;557,5000;324,5000;971,9000;708,4000;654,8000;1145,9000;1579,3000;1094,0000;1618,6000;1029,5000;562,1000;1416,4000;969,1000;1238,4000;1187,9000;1296,6000;1085,6000;3459,6001;817,6000;615,6000
33024,0000;371,0000;1387,0000;1900,8000;798,2000;1424,0000;801,2000;934,0000;836,6000;858,5000;1396,8000;1252,8000;759,8000;947,0000;1094,0000;936,6000;1467,2000;4271,5000;948,8000;1436,7000;1010,6000;902,0000;443,6000;2386,1001;2263,6001;145,9000;635,1000;1500,3000;1468,8000;932,6000;860,9000;577,4000;2251,2000;1292,5000;525,0000;700,5000;1226,8000;545,6000;974,7000;462,1000;681,5000;1370,6000;331,2000;670,3000;2480,8000;1188,0000;691,6000;9085,5000;827,2000;793,7000;4731,0000;527,1000;744,5000;492,8000;619,8000;1322,3000;767,1000;106,3000;1233,5000;2141,8000;849,9000;981,0000;4622,7998;632,6000;2924,6001;1884,3000;1407,4000;569,5000;326,7000;982,8000;713,4000;659,7000;1167,8000;1586,1000;1081,7000;1606,3000;1029,5000;569,4000;1407,5000;967,0000;1210,4000;1187,9000;1308,5000;1103,1000;3447,8000;829,5000;631,9000
33025,0000;371,7000;1380,4000;1889,7000;798,2000;1424,0000;793,7000;910,4000;833,2000;842,5000;1404,8000;1245,1000;759,8000;942,3000;1089,5000;914,6000;1460,8000;4259,3999;948,8000;1426,3000;996,9000;907,8000;446,1000;2353,5000;2274,3000;145,9000;640,7000;1461,8000;1486,7000;926,7000;851,9000;567,9000;2231,3999;1300,7000;520,1000;693,8000;1190,4000;528,9000;970,8000;473,3000;668,7000;1351,6000;324,8000;670,3000;2506,8000;1182,2000;681,7000;9348,9004;834,0000;793,7000;4731,0000;514,0000;747,4000;488,6000;609,2000;1320,4000;767,1000;106,3000;1212,0000;2150,0000;842,8000;971,3000;4699,2002;629,5000;2986,3999;1874,0000;1382,4000;564,7000;324,1000;968,3000;707,4000;649,9000;1167,8000;1558,9000;1087,8000;1552,5000;1029,5000;565,7000;1395,7000;969,1000;1201,6000;1181,4000;1284,7000;1107,5000;3388,5000;829,5000;637,3000
33028,0000;372,3000;1367,3000;1900,8000;791,9000;1416,6000;793,7000;896,2000;836,6000;847,8000;1396,8000;1237,3000;788,2000;923,8000;1094,0000;914,6000;1454,4000;4314,1001;948,8000;1409,0000;990,0000;902,0000;438,7000;2364,3000;2258,3000;144,0000;637,9000;1442,6000;1477,7000;926,7000;842,9000;558,4000;2234,2000;1284,3000;522,6000;700,5000;1209,8000;542,3000;965,9000;476,1000;694,2000;1326,4000;328,0000;667,0000;2480,8000;1176,4000;681,7000;9392,7998;840,8000;789,9000;4673,1001;514,0000;735,7000;488,6000;580,1000;1320,4000;773,8000;107,1000;1217,4000;2141,8000;828,6000;967,4000;4661,0000;632,6000;3025,1001;1863,7000;1399,1000;557,5000;325,2000;957,4000;706,4000;664,6000;1153,2000;1558,9000;1094,0000;1606,3000;1035,3000;554,8000;1380,8000;975,3000;1203,0000;1181,4000;1272,8000;1107,5000;3412,2000;829,5000;642,7000
33029,0000;390,4000;1354,3000;1900,8000;791,9000;1431,3000;779,4000;901,0000;846,6000;842,5000;1412,7000;1252,8000;766,9000;928,4000;1089,5000;920,1000;1460,8000;4405,3999;942,0000;1429,8000;990,0000;913,6000;441,1000;2369,8000;2252,8999;147,7000;643,4000;1454,1000;1459,8000;917,7000;838,4000;558,4000;2256,8999;1284,3000;537,1000;693,8000;1213,4000;538,9000;969,8000;473,3000;681,5000;1294,8000;328,0000;650,5000;2541,3000;1205,4000;691,6000;9787,7998;827,2000;783,5000;4629,7002;518,4000;729,8000;476,2000;593,3000;1292,5000;760,3000;110,0000;1233,5000;2141,8000;825,1000;947,0000;4844,3999;635,8000;3129,3999;1874,0000;1374,1000;559,9000;327,9000;957,4000;711,4000;659,7000;1167,8000;1572,5000;1094,0000;1638,1000;1029,5000;554,8000;1366,0000;969,1000;1182,4000;1207,3000;1284,7000;1111,9000;3424,1001;817,6000;637,3000
33030,0000;390,4000;1341,2000;1923,1000;785,6000;1424,0000;787,8000;901,0000;843,3000;842,5000;1412,7000;1237,3000;781,1000;914,5000;1076,0000;914,6000;1467,2000;4368,8999;935,2000;1450,6000;996,9000;913,6000;443,6000;2337,1001;2247,6001;152,3000;632,3000;1446,4000;1441,9000;925,2000;842,9000;563,2000;2242,7000;1284,3000;534,7000;693,8000;1226,8000;532,2000;971,7000;459,4000;700,6000;1288,5000;328,0000;647,2000;2532,7000;1188,0000;681,7000;9919,4004;834,0000;784,8000;4673,1001;522,7000;723,9000;484,5000;610,6000;1273,9000;753,5000;116,5000;1222,8000;2141,8000;807,4000;961,6000;4844,3999;629,5000;3160,3000;1853,4000;1382,4000;555,1000;324,5000;946,4000;707,4000;659,7000;1153,2000;1545,3000;1087,8000;1616,1000;1035,3000;544,0000;1348,1000;956,5000;1180,9000;1175,0000;1284,7000;1142,5000;3435,8999;829,5000;631,9000
33031,0000;387,7000;1341,2000;1934,2000;779,3000;1424,0000;779,4000;896,2000;836,6000;842,5000;1412,7000;1245,1000;788,2000;933,0000;1066,9000;903,6000;1467,2000;4435,7998;931,8000;1464,4000;990,0000;907,8000;448,6000;2320,8000;2226,2000;156,9000;626,7000;1427,2000;1459,8000;925,2000;842,9000;572,6000;2271,1001;1284,3000;541,9000;693,8000;1239,0000;525,5000;979,6000;467,7000;694,2000;1275,8000;324,8000;660,4000;2645,1001;1205,4000;681,7000;9919,4004;834,0000;789,9000;4702,1001;518,4000;715,1000;476,2000;610,6000;1266,5000;773,8000;117,8000;1244,2000;2166,6001;810,9000;951,9000;4836,7002;635,8000;3129,3999;1884,3000;1407,4000;548,0000;325,2000;935,5000;704,4000;654,8000;1145,9000;1558,9000;1081,7000;1645,5000;1029,5000;547,6000;1354,1000;964,9000;1180,9000;1207,3000;1320,4000;1142,5000;3483,3000;823,5000;642,7000
33032,0000;390,4000;1347,7000;1923,1000;766,8000;1424,0000;771,0000;896,2000;836,6000;842,5000;1420,7000;1237,3000;759,8000;923,8000;1053,4000;876,0000;1441,7000;4411,5000;925,1000;1450,6000;996,9000;907,8000;438,7000;2288,1001;2226,2000;160,6000;621,2000;1423,4000;1441,9000;913,2000;842,9000;572,6000;2268,3000;1280,2000;532,2000;690,4000;1239,0000;522,2000;977,6000;462,1000;675,1000;1263,2000;321,6000;643,9000;2593,2000;1193,8000;661,8000;9743,9004;806,7000;774,6000;4774,3999;522,7000;712,1000;488,6000;635,7000;1253,5000;760,3000;115,1000;1217,4000;2191,3999;796,8000;942,2000;4813,7998;638,9000;3125,5000;1853,4000;1432,4000;555,1000;327,1000;931,9000;698,4000;649,9000;1153,2000;1599,7000;1075,5000;1628,3000;1029,5000;540,3000;1336,3000;954,4000;1164,7000;1187,9000;1308,5000;1116,3000;3447,8000;805,8000;621,1000
33035,0000;390,4000;1360,8000;1900,8000;754,2000;1424,0000;762,6000;882,1000;833,2000;831,7000;1420,7000;1221,9000;766,9000;909,8000;1053,4000;876,0000;1422,6000;4375,0000;911,5000;1464,4000;969,4000;902,0000;436,2000;2293,5000;2199,3999;161,6000;618,4000;1392,6000;1441,9000;902,8000;833,9000;577,4000;2279,6001;1272,1000;532,2000;687,0000;1214,7000;512,1000;971,7000;448,2000;662,4000;1231,6000;317,5000;627,4000;2593,2000;1193,8000;671,7000;9963,2998;786,2000;760,6000;4716,5000;514,0000;700,3000;480,3000;631,8000;1244,2000;753,5000;115,9000;1217,4000;2158,3000;800,3000;933,4000;4813,7998;629,5000;3090,7000;1832,8000;1432,4000;540,8000;326,0000;935,5000;688,5000;635,1000;1124,0000;1586,1000;1063,2000;1650,3000;1029,5000;540,3000;1339,2000;952,3000;1161,7000;1175,0000;1308,5000;1098,8000;3435,8999;817,6000;610,2000
33036,0000;395,1000;1347,7000;1889,7000;747,9000;1416,6000;756,8000;882,1000;826,5000;815,6000;1412,7000;1214,1000;781,1000;909,8000;1048,8000;854,0000;1422,6000;4368,8999;904,7000;1464,4000;976,3000;896,2000;441,1000;2266,3000;2162,0000;157,9000;615,6000;1358,0000;1424,0000;883,4000;829,4000;563,2000;2296,7000;1268,0000;525,0000;680,3000;1214,7000;512,1000;968,8000;442,6000;662,4000;1231,6000;311,1000;624,1000;2636,3999;1176,4000;646,8000;10270,5996;779,3000;750,4000;4702,1001;505,3000;688,6000;467,9000;635,7000;1246,0000;753,5000;117,8000;1206,7000;2141,8000;800,3000;926,6000;4852,0000;613,7000;3090,7000;1874,0000;1407,4000;555,1000;325,6000;931,9000;684,5000;625,2000;1109,5000;1579,3000;1057,1000;1660,1000;1023,7000;533,1000;1336,3000;967,0000;1161,7000;1175,0000;1308,5000;1090,0000;3435,8999;805,8000;604,8000
33037,0000;403,7000;1354,3000;1900,8000;741,6000;1387,1000;769,3000;877,4000;823,2000;804,9000;1412,7000;1245,1000;781,1000;900,6000;1039,8000;848,5000;1428,9000;4344,6001;891,2000;1454,0000;969,4000;890,4000;438,7000;2260,8000;2140,5000;156,0000;615,6000;1358,0000;1424,0000;902,8000;829,4000;563,2000;2288,1001;1268,0000;520,1000;683,7000;1226,8000;512,1000;964,9000;437,1000;668,7000;1237,9000;308,9000;624,1000;2645,1001;1170,6000;656,8000;10402,2998;772,5000;764,4000;4673,1001;505,3000;691,5000;463,8000;642,3000;1227,4000;760,3000;119,2000;1212,0000;2141,8000;803,8000;932,5000;4798,5000;607,4000;3071,3999;1935,8000;1407,4000;559,9000;325,6000;924,6000;679,5000;630,2000;1109,5000;1586,1000;1050,9000;1672,3000;1029,5000;529,5000;1345,2000;960,7000;1150,0000;1181,4000;1320,4000;1094,4000;3435,8999;788,0000;594,0000
33038,0000;397,7000;1360,8000;1945,3000;754,2000;1416,6000;757,6000;882,1000;836,6000;831,7000;1412,7000;1237,3000;802,4000;895,9000;1053,4000;892,6000;1441,7000;4320,2002;887,8000;1447,1000;983,1000;896,2000;441,1000;2288,1001;2129,8000;158,8000;621,2000;1408,0000;1415,0000;899,8000;851,9000;558,4000;2288,1001;1259,8000;525,0000;697,1000;1214,7000;518,8000;965,9000;445,4000;681,5000;1269,5000;316,6000;634,0000;2653,7000;1170,6000;676,7000;10446,0996;779,3000;767,0000;4745,5000;505,3000;715,1000;463,8000;642,3000;1255,3000;746,7000;117,5000;1222,8000;2158,3000;807,4000;942,2000;4806,2002;620,0000;3071,3999;1956,4000;1457,4000;564,7000;324,8000;924,6000;680,5000;635,1000;1160,5000;1592,9000;1069,4000;1672,3000;1029,5000;540,3000;1374,9000;956,5000;1169,1000;1168,5000;1332,3000;1129,4000;3495,2000;793,9000;599,4000
33039,0000;401,7000;1367,3000;1934,2000;766,8000;1416,6000;766,8000;882,1000;826,5000;815,6000;1420,7000;1237,3000;802,4000;895,9000;1066,9000;854,0000;1435,3000;4320,2002;901,3000;1440,2000;969,4000;890,4000;433,7000;2299,0000;2140,5000;156,9000;626,7000;1400,3000;1433,0000;896,8000;865,4000;563,2000;2271,1001;1276,2000;525,0000;697,1000;1178,2000;508,8000;961,0000;439,9000;681,5000;1269,5000;312,1000;627,4000;2619,1001;1164,8000;651,8000;10885,0996;779,3000;764,4000;5034,7998;500,9000;694,5000;472,1000;639,7000;1246,0000;760,3000;120,2000;1212,0000;2174,8000;800,3000;937,3000;4813,7998;626,3000;3071,3999;1935,8000;1457,4000;576,7000;322,6000;913,7000;681,5000;625,2000;1124,0000;1599,7000;1075,5000;1652,8000;1029,5000;536,7000;1360,0000;946,0000;1169,1000;1168,5000;1320,4000;1116,3000;3589,8999;793,9000;599,4000
33042,0000;399,1000;1380,4000;1923,1000;773,0000;1401,8000;771,0000;891,5000;809,8000;821,0000;1404,8000;1229,6000;788,2000;882,0000;1039,8000;837,5000;1454,4000;4289,7998;898,0000;1454,0000;969,4000;873,1000;438,7000;2331,7000;2151,2000;160,6000;618,4000;1392,6000;1424,0000;886,4000;847,4000;563,2000;2245,6001;1280,2000;512,9000;697,1000;1174,6000;508,8000;954,1000;431,5000;675,1000;1250,6000;308,0000;614,2000;2567,3000;1153,2000;636,9000;11016,7002;758,8000;751,7000;4904,6001;496,6000;691,5000;467,9000;647,6000;1236,7000;753,5000;120,5000;1222,8000;2166,6001;796,8000;922,7000;4821,5000;632,6000;3017,3000;1935,8000;1449,0000;569,5000;319,2000;910,0000;669,5000;625,2000;1124,0000;1626,9000;1069,4000;1635,7000;1023,7000;525,8000;1330,3000;943,9000;1141,1000;1181,4000;1320,4000;1120,6000;3601,8000;793,9000;577,8000
33043,0000;398,4000;1347,7000;1900,8000;754,2000;1394,5000;761,8000;891,5000;816,5000;810,3000;1380,8000;1221,9000;788,2000;877,3000;1044,3000;832,0000;1441,7000;4283,7002;884,4000;1485,2000;976,3000;867,3000;431,2000;2288,1001;2119,1001;159,7000;601,7000;1346,4000;1406,1000;877,4000;856,4000;558,4000;2239,8999;1263,9000;508,0000;700,5000;1168,5000;495,4000;940,4000;423,2000;656,0000;1225,3000;305,7000;601,0000;2550,0000;1141,6000;622,0000;11016,7002;724,6000;746,6000;4875,7002;466,1000;676,8000;459,6000;615,9000;1227,4000;739,9000;119,2000;1206,7000;2141,8000;789,7000;908,2000;4737,3999;626,3000;2978,7000;1894,6000;1424,1000;567,1000;317,3000;910,0000;668,5000;610,5000;1124,0000;1599,7000;1050,9000;1630,8000;1029,5000;515,0000;1306,6000;933,4000;1135,2000;1168,5000;1284,7000;1103,1000;3542,5000;770,2000;572,4000
33044,0000;397,7000;1341,2000;1900,8000;760,5000;1394,5000;755,1000;886,8000;826,5000;799,5000;1380,8000;1221,9000;781,1000;872,7000;1048,8000;848,5000;1441,7000;4295,8999;898,0000;1519,8000;969,4000;867,3000;431,2000;2293,5000;2129,8000;156,0000;610,0000;1361,8000;1441,9000;877,4000;865,4000;558,4000;2291,0000;1263,9000;508,0000;693,8000;1178,2000;498,8000;939,4000;423,2000;662,4000;1219,0000;304,1000;594,4000;2610,5000;1135,8000;631,9000;11060,5996;738,3000;747,8000;4991,3999;474,8000;685,6000;459,6000;633,1000;1210,7000;739,9000;124,0000;1228,1000;2133,5000;796,8000;903,3000;4821,5000;620,0000;3009,6001;1915,2000;1415,7000;569,5000;321,0000;917,3000;668,5000;625,2000;1116,7000;1592,9000;1057,1000;1650,3000;1029,5000;522,2000;1312,5000;950,2000;1113,1000;1168,5000;1272,8000;1133,8000;3424,1001;788,0000;567,0000
33045,0000;403,7000;1334,6000;1889,7000;760,5000;1401,8000;756,8000;872,7000;826,5000;804,9000;1428,7000;1237,3000;774,0000;882,0000;1071,4000;843,0000;1435,3000;4295,8999;904,7000;1502,5000;962,5000;878,9000;431,2000;2293,5000;2092,3999;156,9000;584,9000;1350,3000;1415,0000;878,9000;860,9000;549,0000;2276,8000;1255,7000;508,0000;673,6000;1153,9000;482,0000;945,3000;425,9000;643,3000;1237,9000;300,9000;597,7000;2584,6001;1141,6000;636,9000;11367,9004;738,3000;744,0000;5049,2998;487,9000;682,7000;463,8000;614,5000;1223,7000;753,5000;128,3000;1222,8000;2133,5000;793,2000;915,9000;4829,1001;613,7000;3021,2000;1904,9000;1424,1000;569,5000;323,3000;913,7000;668,5000;625,2000;1131,3000;1613,3000;1057,1000;1650,3000;1035,3000;515,0000;1300,6000;946,0000;1113,1000;1149,2000;1272,8000;1125,0000;3542,5000;788,0000;588,6000
33046,0000;403,7000;1354,3000;1856,4000;785,6000;1394,5000;756,8000;853,8000;819,9000;799,5000;1428,7000;1214,1000;774,0000;868,1000;1071,4000;820,9000;1454,4000;4320,2002;898,0000;1478,3000;948,8000;861,5000;431,2000;2288,1001;2049,6001;155,1000;576,6000;1338,7000;1406,1000;844,6000;842,9000;539,5000;2299,5000;1251,6000;505,6000;676,9000;1155,1000;485,4000;935,5000;417,6000;636,9000;1237,9000;297,1000;597,7000;2636,3999;1124,2000;626,9000;11455,5996;724,6000;719,8000;5020,3999;470,4000;668,0000;455,5000;615,9000;1201,4000;739,9000;128,0000;1206,7000;2133,5000;793,2000;896,5000;4859,7002;604,3000;2974,8000;1894,6000;1432,4000;571,9000;324,8000;906,4000;667,5000;615,4000;1124,0000;1586,1000;1050,9000;1657,7000;1029,5000;507,7000;1300,6000;941,8000;1101,3000;1149,2000;1272,8000;1120,6000;3507,0000;770,2000;561,6000
33049,0000;401,1000;1328,1000;1823,0000;779,3000;1379,7000;737,5000;825,5000;813,2000;772,7000;1412,7000;1175,5000;759,8000;854,1000;1062,4000;804,4000;1422,6000;4253,2998;881,0000;1481,7000;948,8000;850,0000;426,3000;2233,6001;2028,2000;152,3000;557,1000;1304,1000;1388,2000;820,7000;833,9000;530,0000;2319,3999;1235,3000;498,4000;670,2000;1178,2000;468,6000;939,4000;414,8000;630,5000;1200,0000;286,3000;591,1000;2645,1001;1095,3000;597,1000;11719,0000;704,1000;702,0000;4962,5000;466,1000;650,3000;438,9000;597,3000;1153,1000;719,5000;128,0000;1185,2000;2092,1001;789,7000;874,2000;4813,7998;585,4000;2924,6001;1853,4000;1415,7000;559,9000;320,3000;902,8000;659,5000;610,5000;1109,5000;1538,4000;1038,6000;1662,6000;1035,3000;493,2000;1247,2000;931,3000;1088,0000;1116,9000;1249,0000;1090,0000;3447,8000;758,4000;545,4000
33050,0000;405,8000;1347,7000;1800,8000;766,8000;1367,5000;750,1000;832,3000;816,5000;786,6000;1441,7000;1183,2000;816,6000;858,8000;1062,4000;826,5000;1446,2000;4289,7998;908,1000;1519,8000;955,6000;867,3000;441,1000;2179,1001;2119,1001;152,3000;554,3000;1300,3000;1388,2000;840,1000;840,1000;520,6000;2364,8000;1235,3000;498,4000;670,2000;1145,4000;478,7000;960,0000;417,6000;636,9000;1206,4000;288,2000;597,7000;2679,6001;1101,1000;602,1000;12157,9004;731,5000;719,8000;4948,0000;479,2000;656,2000;447,2000;602,6000;1153,1000;733,1000;134,7000;1190,6000;2125,2000;793,2000;892,6000;5004,7998;591,7000;2971,0000;1874,0000;1424,1000;557,5000;322,6000;910,0000;666,5000;605,6000;1094,9000;1524,8000;1032,5000;1723,7000;1041,2000;496,8000;1256,1000;943,9000;1068,9000;1123,3000;1272,8000;1102,2000;3424,1001;746,5000;545,4000
33051,0000;420,5000;1334,6000;1856,4000;773,0000;1360,1000;749,2000;870,2000;819,9000;824,4000;1505,8000;1237,3000;816,6000;882,0000;1089,5000;848,5000;1465,4000;4478,3999;914,9000;1599,4000;990,0000;896,2000;441,1000;2179,1001;2113,8000;151,4000;554,3000;1307,9000;1415,0000;861,0000;849,1000;534,8000;2450,0000;1247,5000;520,1000;670,2000;1178,2000;498,8000;989,4000;431,5000;649,6000;1282,2000;299,4000;617,5000;2800,7000;1170,6000;612,0000;12114,0000;745,1000;727,5000;5121,6001;492,2000;673,9000;451,4000;613,2000;1171,7000;753,5000;150,2000;1212,0000;2150,0000;807,4000;897,5000;5195,8999;613,7000;3005,7000;1935,8000;1415,7000;555,1000;336,2000;917,3000;689,6000;630,2000;1138,6000;1545,3000;1063,2000;1789,7000;1047,0000;504,1000;1265,0000;979,5000;1083,6000;1149,2000;1320,4000;1145,7000;3459,6001;740,6000;567,0000
33052,0000;427,8000;1341,2000;1856,4000;760,5000;1338,0000;751,7000;856,0000;809,8000;824,4000;1489,7000;1252,8000;802,4000;868,1000;1085,0000;843,0000;1459,0000;4502,7998;904,7000;1609,8000;996,9000;884,7000;441,1000;2162,8000;2087,0000;151,4000;557,1000;1307,9000;1415,0000;850,6000;853,6000;549,0000;2484,0000;1255,7000;517,7000;676,9000;1173,4000;495,4000;977,6000;417,6000;649,6000;1206,4000;289,8000;601,0000;2861,2000;1170,6000;602,1000;12421,2998;724,6000;712,2000;5121,6001;487,9000;679,7000;443,1000;615,9000;1143,8000;753,5000;151,6000;1212,0000;2133,5000;793,2000;898,5000;5180,6001;623,2000;2920,7000;1915,2000;1490,7000;576,7000;340,0000;899,1000;663,5000;630,2000;1131,3000;1552,1000;1063,2000;1821,5000;1035,3000;496,8000;1250,2000;973,2000;1077,7000;1142,7000;1296,6000;1131,2000;3459,6001;746,5000;561,6000
33053,0000;421,1000;1341,2000;1834,1000;754,2000;1338,0000;750,1000;865,4000;793,1000;824,4000;1505,8000;1245,1000;795,3000;872,7000;1080,5000;804,4000;1471,8000;4642,7002;881,0000;1634,1000;1010,6000;873,1000;441,1000;2124,6001;2087,0000;156,9000;554,3000;1292,6000;1433,0000;828,2000;835,5000;558,4000;2523,8000;1255,7000;517,7000;693,8000;1149,1000;488,7000;979,6000;414,8000;636,9000;1187,4000;286,3000;604,3000;2904,3999;1159,0000;617,0000;12421,2998;717,8000;707,1000;5121,6001;474,8000;662,1000;447,2000;601,3000;1175,4000;753,5000;147,8000;1179,9000;2125,2000;775,5000;897,5000;5157,7002;629,5000;2959,3999;1915,2000;1524,0000;569,5000;344,2000;895,5000;671,5000;615,4000;1160,5000;1565,7000;1057,1000;1711,5000;1047,0000;489,6000;1247,2000;985,8000;1083,6000;1123,3000;1296,6000;1136,1000;3471,5000;746,5000;550,8000
33056,0000;407,8000;1341,2000;1856,4000;754,2000;1323,2000;740,9000;889,1000;783,0000;819,0000;1497,7000;1252,8000;802,4000;872,7000;1085,0000;826,5000;1471,8000;4594,0000;898,0000;1602,9000;1003,8000;861,5000;441,1000;2113,8000;2097,7000;154,2000;557,1000;1288,7000;1415,0000;850,6000;849,1000;563,2000;2526,6001;1276,2000;515,3000;703,9000;1184,3000;495,4000;964,9000;428,7000;636,3000;1187,4000;283,4000;604,3000;2904,3999;1135,8000;612,0000;12245,7002;724,6000;732,6000;5092,7002;479,2000;665,0000;443,1000;614,5000;1175,4000;753,5000;151,3000;1201,3000;2133,5000;761,3000;881,0000;5088,8999;651,5000;3021,2000;1925,5000;1532,3000;579,1000;335,8000;880,9000;675,5000;625,2000;1153,2000;1531,6000;1044,8000;1809,3000;1035,3000;485,9000;1247,2000;983,7000;1085,1000;1129,8000;1272,8000;1116,7000;3447,8000;764,3000;561,6000
33057,0000;409,8000;1328,1000;1845,2000;754,2000;1323,2000;758,5000;889,1000;783,0000;813,6000;1489,7000;1229,6000;837,9000;877,3000;1080,5000;826,5000;1452,6000;4758,2998;864,1000;1616,7000;983,1000;861,5000;458,5000;2097,3999;2108,3999;156,0000;557,1000;1296,4000;1406,1000;861,0000;840,1000;572,6000;2577,7000;1288,4000;515,3000;717,3000;1179,4000;505,5000;952,1000;423,2000;631,2000;1187,4000;288,2000;601,0000;2913,0000;1130,0000;617,0000;12070,0996;738,3000;713,4000;5049,2998;470,4000;662,1000;455,5000;619,8000;1153,1000;746,7000;152,6000;1201,3000;2125,2000;761,3000;866,4000;5127,1001;657,8000;3001,8999;1904,9000;1565,6000;576,7000;336,2000;877,3000;669,5000;610,5000;1145,9000;1524,8000;1038,6000;1833,7000;1029,5000;493,2000;1244,2000;987,9000;1085,1000;1129,8000;1272,8000;1111,9000;3447,8000;764,3000;561,6000
33058,0000;403,7000;1328,1000;1845,2000;754,2000;1338,0000;766,8000;884,3000;786,4000;819,0000;1497,7000;1221,9000;852,1000;872,7000;1094,0000;826,5000;1452,6000;4685,2998;881,0000;1589,1000;990,0000;861,5000;433,7000;2108,3000;2119,1001;152,3000;571,0000;1319,5000;1397,1000;852,0000;835,5000;586,8000;2512,3999;1304,8000;520,1000;737,5000;1179,4000;515,5000;945,3000;431,5000;643,3000;1200,0000;298,4000;610,9000;2982,2000;1135,8000;622,0000;12114,0000;731,5000;721,1000;5020,3999;470,4000;668,0000;451,4000;615,9000;1151,2000;760,3000;154,8000;1190,6000;2125,2000;764,9000;868,3000;5043,1001;651,5000;2994,1001;1904,9000;1574,0000;574,3000;331,7000;884,6000;671,5000;630,2000;1153,2000;1572,5000;1050,9000;1809,3000;1029,5000;496,8000;1244,2000;987,9000;1098,4000;1129,8000;1272,8000;1102,2000;3495,2000;764,3000;550,8000
33059,0000;407,8000;1308,5000;1867,5000;747,9000;1338,0000;766,8000;874,9000;786,4000;813,6000;1489,7000;1206,4000;823,7000;863,4000;1085,0000;798,9000;1452,6000;4697,5000;887,8000;1599,4000;996,9000;861,5000;431,2000;2113,8000;2129,8000;151,4000;571,0000;1331,0000;1397,1000;844,6000;831,0000;577,4000;2515,3000;1313,0000;520,1000;737,5000;1155,1000;525,5000;948,2000;431,5000;633,7000;1193,7000;299,4000;604,3000;3025,3999;1153,2000;602,1000;11850,7002;724,6000;723,6000;5005,8999;479,2000;659,1000;455,5000;617,2000;1160,5000;739,9000;152,6000;1185,2000;2117,0000;772,0000;860,6000;5043,1001;657,8000;3083,0000;1894,6000;1540,7000;581,5000;331,3000;877,3000;671,5000;640,0000;1138,6000;1558,9000;1050,9000;1806,8000;1023,7000;496,8000;1262,0000;987,9000;1085,1000;1136,2000;1260,9000;1107,1000;3507,0000;752,4000;556,2000
33060,0000;408,4000;1315,0000;1867,5000;729,1000;1338,0000;762,6000;874,9000;789,7000;813,6000;1521,8000;1214,1000;830,8000;882,0000;1085,0000;804,4000;1471,8000;4667,0000;894,6000;1623,7000;1010,6000;878,9000;441,1000;2119,2000;2156,6001;155,1000;565,4000;1307,9000;1406,1000;829,7000;826,5000;586,8000;2546,5000;1337,5000;522,6000;727,4000;1166,1000;515,5000;952,1000;428,7000;636,3000;1168,5000;297,1000;597,7000;2990,8000;1170,6000;597,1000;11675,0996;711,0000;714,7000;4962,5000;492,2000;659,1000;463,8000;615,9000;1149,3000;746,7000;149,4000;1195,9000;2125,2000;768,4000;864,5000;5043,1001;651,5000;3129,3999;1904,9000;1557,3000;588,6000;333,6000;888,2000;662,5000;635,1000;1160,5000;1565,7000;1044,8000;1792,2000;1023,7000;500,4000;1247,2000;998,4000;1064,4000;1123,3000;1284,7000;1107,1000;3447,8000;758,4000;561,6000
33063,0000;409,8000;1321,5000;1856,4000;710,2000;1345,3000;761,0000;870,2000;786,4000;808,2000;1529,8000;1229,6000;830,8000;891,3000;1085,0000;804,4000;1478,2000;4600,1001;898,0000;1637,5000;1010,6000;873,1000;441,1000;2179,1001;2172,7000;154,2000;565,4000;1307,9000;1406,1000;832,6000;826,5000;591,6000;2526,6001;1362,0000;529,8000;724,1000;1153,9000;518,8000;955,1000;425,9000;627,3000;1193,7000;294,6000;591,1000;3008,1001;1164,8000;597,1000;11631,2002;711,0000;712,2000;5005,8999;479,2000;662,1000;463,8000;602,6000;1151,2000;760,3000;152,6000;1195,9000;2141,8000;761,3000;883,9000;5119,5000;651,5000;3090,7000;1894,6000;1590,6000;579,1000;333,9000;880,9000;659,5000;625,2000;1175,1000;1538,4000;1050,9000;1799,5000;1023,7000;500,4000;1232,3000;1013,1000;1046,8000;1142,7000;1272,8000;1107,1000;3483,3000;776,1000;561,6000
33064,0000;407,8000;1301,9000;1845,2000;710,2000;1315,8000;757,6000;860,7000;773,0000;808,2000;1513,8000;1214,1000;830,8000;877,3000;1071,4000;793,4000;1465,4000;4594,0000;887,8000;1623,7000;1010,6000;867,3000;438,7000;2113,8000;2178,0000;148,6000;582,2000;1281,0000;1424,0000;820,7000;817,5000;596,3000;2486,8999;1329,3000;517,7000;720,7000;1166,1000;512,1000;935,5000;414,8000;619,1000;1193,7000;289,8000;581,1000;2973,5000;1147,4000;587,1000;11806,7998;704,1000;700,7000;5005,8999;470,4000;653,3000;451,4000;585,4000;1140,0000;760,3000;148,9000;1169,1000;2141,8000;747,2000;861,5000;5157,7002;635,8000;3071,3999;1863,7000;1582,3000;574,3000;329,8000;873,6000;643,5000;615,4000;1160,5000;1524,8000;1038,6000;1801,9000;1023,7000;493,2000;1223,4000;1000,5000;1042,3000;1136,2000;1260,9000;1092,6000;3471,5000;788,0000;550,8000
33065,0000;403,7000;1328,1000;1900,8000;722,8000;1330,6000;758,5000;870,2000;779,7000;813,6000;1505,8000;1214,1000;816,6000;886,6000;1080,5000;793,4000;1433,4000;4539,2998;877,6000;1599,4000;996,9000;861,5000;431,2000;2119,2000;2178,0000;146,8000;571,0000;1307,9000;1433,0000;828,2000;849,1000;596,3000;2492,5000;1329,3000;520,1000;724,1000;1155,1000;508,8000;935,5000;417,6000;630,5000;1200,0000;293,6000;584,4000;3025,3999;1141,6000;587,1000;12026,2002;717,8000;717,3000;5179,5000;479,2000;656,2000;455,5000;596,0000;1143,8000;753,5000;152,4000;1169,1000;2125,2000;754,3000;852,8000;5150,0000;645,2000;3032,8000;1863,7000;1574,0000;583,8000;329,8000;873,6000;657,5000;630,2000;1182,4000;1545,3000;1044,8000;1797,0000;1023,7000;500,4000;1268,0000;990,0000;1058,5000;1142,7000;1249,0000;1097,4000;3471,5000;799,8000;561,6000
33066,0000;408,4000;1321,5000;1900,8000;710,2000;1330,6000;756,8000;865,4000;783,0000;813,6000;1505,8000;1198,7000;830,8000;891,3000;1085,0000;776,9000;1446,2000;4594,0000;884,4000;1627,1000;996,9000;855,8000;431,2000;2141,0000;2178,0000;147,7000;568,2000;1284,9000;1424,0000;829,7000;844,6000;596,3000;2555,0000;1329,3000;520,1000;727,4000;1147,9000;508,8000;935,5000;414,8000;617,8000;1219,0000;295,2000;594,4000;3042,7000;1130,0000;597,1000;12157,9004;711,0000;703,3000;5324,2002;474,8000;644,4000;455,5000;615,9000;1175,4000;753,5000;148,9000;1174,5000;2133,5000;743,6000;840,2000;5165,2998;651,5000;3102,3000;1884,3000;1574,0000;598,2000;333,6000;880,9000;663,5000;630,2000;1182,4000;1572,5000;1050,9000;1819,0000;1023,7000;496,8000;1223,4000;992,1000;1046,8000;1129,8000;1249,0000;1097,4000;3554,3999;805,8000;550,8000
33067,0000;412,4000;1308,5000;1889,7000;747,9000;1323,2000;754,3000;874,9000;786,4000;819,0000;1505,8000;1221,9000;823,7000;886,6000;1089,5000;793,4000;1459,0000;4624,5000;884,4000;1634,1000;996,9000;855,8000;433,7000;2146,3999;2210,1001;153,2000;587,7000;1281,0000;1424,0000;829,7000;835,5000;610,5000;2600,3999;1329,3000;522,6000;727,4000;1153,9000;515,5000;926,7000;417,6000;624,2000;1225,3000;297,8000;604,3000;3085,8999;1147,4000;587,1000;12201,7998;711,0000;703,3000;5324,2002;470,4000;656,2000;459,6000;634,4000;1167,9000;753,5000;149,9000;1174,5000;2117,0000;757,8000;835,3000;5348,7002;657,8000;3314,8000;1843,1000;1623,9000;583,8000;341,1000;880,9000;662,5000;635,1000;1218,9000;1572,5000;1044,8000;1833,7000;1029,5000;500,4000;1238,3000;996,3000;1046,8000;1136,2000;1249,0000;1097,4000;3554,3999;811,7000;561,6000
33070,0000;415,8000;1321,5000;1878,6000;754,2000;1330,6000;761,8000;889,1000;793,1000;851,3000;1553,8000;1260,5000;837,9000;909,8000;1107,6000;798,9000;1471,8000;4654,8999;887,8000;1703,3000;1038,1000;896,2000;441,1000;2206,3999;2269,0000;155,1000;610,0000;1300,3000;1450,9000;832,6000;849,1000;620,0000;2617,5000;1349,8000;539,5000;734,2000;1155,1000;528,9000;969,8000;420,4000;636,9000;1200,0000;300,6000;610,9000;3085,8999;1182,2000;607,0000;12465,2002;731,5000;707,1000;5382,1001;483,5000;659,1000;463,8000;650,3000;1160,5000;773,8000;148,3000;1190,6000;2133,5000;761,3000;858,6000;5341,0000;660,9000;3384,3999;1904,9000;1698,9000;595,8000;344,2000;899,1000;654,5000;644,9000;1240,8000;1558,9000;1050,9000;1855,7000;1041,2000;500,4000;1244,2000;1011,0000;1052,6000;1175,0000;1308,5000;1131,2000;3625,5000;811,7000;567,0000
33071,0000;406,4000;1315,0000;1900,8000;766,8000;1330,6000;766,8000;884,3000;799,8000;845,9000;1537,8000;1260,5000;837,9000;919,1000;1107,6000;804,4000;1478,2000;4594,0000;891,2000;1713,7000;1031,3000;873,1000;441,1000;2233,6001;2301,1001;150,5000;601,7000;1296,4000;1450,9000;835,6000;844,6000;620,0000;2594,7000;1349,8000;532,2000;747,7000;1178,2000;525,5000;969,8000;420,4000;636,9000;1263,2000;301,6000;607,6000;3042,7000;1170,6000;612,0000;12377,4004;731,5000;713,4000;5382,1001;496,6000;659,1000;484,5000;652,9000;1171,7000;767,1000;145,9000;1206,7000;2183,1001;786,1000;858,6000;5310,5000;676,7000;3341,8999;1904,9000;1615,6000;588,6000;340,4000;910,0000;666,5000;649,9000;1218,9000;1545,3000;1050,9000;1816,6000;1035,3000;507,7000;1244,2000;1000,5000;1046,8000;1181,4000;1284,7000;1121,6000;3672,8999;817,6000;572,4000
33072,0000;405,1000;1321,5000;1911,9000;754,2000;1330,6000;766,8000;874,9000;789,7000;845,9000;1521,8000;1237,3000;823,7000;928,4000;1089,5000;787,9000;1471,8000;4563,6001;881,0000;1679,1000;1024,4000;861,5000;436,2000;2179,1001;2269,0000;150,5000;607,2000;1323,3000;1450,9000;837,1000;840,1000;620,0000;2546,5000;1358,0000;529,8000;751,0000;1166,1000;522,2000;951,2000;412,0000;643,3000;1231,6000;296,8000;614,2000;2982,2000;1153,2000;592,1000;12289,5996;724,6000;714,7000;5324,2002;492,2000;653,3000;484,5000;663,5000;1147,5000;767,1000;143,5000;1201,3000;2241,0000;761,3000;861,5000;5234,1001;686,1000;3264,6001;1874,0000;1665,6000;591,0000;337,3000;906,4000;663,5000;664,6000;1204,3000;1572,5000;1057,1000;1799,5000;1029,5000;504,1000;1241,2000;994,2000;1061,5000;1168,5000;1296,6000;1107,1000;3708,3999;799,8000;567,0000
33073,0000;407,1000;1583,2000;1900,8000;735,3000;1330,6000;764,3000;856,0000;786,4000;829,7000;1513,8000;1237,3000;823,7000;923,8000;1098,6000;798,9000;1471,8000;4490,6001;881,0000;1644,4000;1017,5000;850,0000;438,7000;2233,6001;2188,7000;153,2000;596,1000;1334,9000;1441,9000;826,7000;849,1000;615,2000;2523,8000;1333,4000;517,7000;744,3000;1190,4000;532,2000;941,4000;412,0000;624,2000;1212,7000;302,5000;597,7000;2982,2000;1135,8000;607,0000;12026,2002;731,5000;713,4000;5251,8999;487,9000;650,3000;488,6000;700,6000;1158,6000;760,3000;147,0000;1201,3000;2199,6001;754,3000;845,0000;5195,8999;660,9000;3260,7000;1843,1000;1615,6000;583,8000;335,1000;895,5000;673,5000;649,9000;1218,9000;1552,1000;1050,9000;1784,8000;1041,2000;507,7000;1232,3000;973,2000;1060,0000;1187,9000;1296,6000;1111,9000;3696,6001;799,8000;572,4000
33074,0000;407,1000;1609,4000;1867,5000;729,1000;1301,0000;758,5000;856,0000;766,3000;824,4000;1497,7000;1214,1000;809,5000;928,4000;1089,5000;776,9000;1459,0000;4508,7998;864,1000;1658,3000;996,9000;844,2000;436,2000;2124,6001;2188,7000;151,4000;571,0000;1288,7000;1415,0000;816,2000;835,5000;610,5000;2543,6001;1353,9000;508,0000;734,2000;1166,1000;518,8000;930,6000;403,7000;618,4000;1181,1000;295,5000;591,1000;2956,2000;1118,4000;602,1000;12070,0996;717,8000;700,7000;5222,8999;479,2000;641,5000;472,1000;705,9000;1125,2000;739,9000;144,3000;1158,4000;2166,6001;757,8000;836,3000;5165,2998;664,1000;3245,3000;1832,8000;1590,6000;576,7000;337,0000;873,6000;671,5000;644,9000;1204,3000;1552,1000;1050,9000;1779,9000;1017,9000;493,2000;1214,5000;981,6000;1043,8000;1168,5000;1249,0000;1092,6000;3613,6001;788,0000;556,2000
33077,0000;407,1000;1570,1000;1845,2000;729,1000;1286,2000;747,6000;841,8000;739,5000;819,0000;1481,7000;1198,7000;802,4000;895,9000;1066,9000;776,9000;1446,2000;4472,2998;837,0000;1637,5000;990,0000;826,8000;431,2000;2108,3000;2140,5000;148,6000;559,9000;1292,6000;1388,2000;820,7000;822,0000;591,6000;2555,0000;1345,7000;503,2000;727,4000;1147,9000;508,8000;917,9000;392,5000;612,1000;1155,8000;288,5000;571,2000;2861,2000;1118,4000;587,1000;11982,2998;704,1000;695,6000;5165,1001;479,2000;632,7000;463,8000;686,1000;1121,4000;733,1000;141,6000;1147,7000;2125,2000;757,8000;833,4000;5134,7002;651,5000;3187,3000;1801,9000;1557,3000;562,3000;333,6000;870,0000;651,5000;630,2000;1182,4000;1531,6000;1044,8000;1772,6000;1012,1000;475,1000;1187,8000;979,5000;1039,4000;1142,7000;1225,2000;1087,7000;3554,3999;770,2000;550,8000
33078,0000;403,1000;1498,2000;1845,2000;710,2000;1286,2000;741,7000;822,9000;736,2000;808,2000;1433,7000;1175,5000;802,4000;863,4000;1053,4000;776,9000;1414,2000;4387,1001;816,6000;1606,4000;962,5000;815,3000;431,2000;2102,8999;2183,3999;147,7000;557,1000;1261,8000;1397,1000;813,2000;813,0000;567,9000;2515,3000;1300,7000;503,2000;717,3000;1126,0000;508,8000;911,0000;389,8000;595,5000;1086,4000;284,7000;554,7000;2852,5000;1101,1000;582,2000;12157,9004;683,6000;682,9000;5179,5000;470,4000;620,9000;459,6000;666,2000;1097,3000;726,3000;141,9000;1153,0000;2133,5000;743,6000;820,8000;5157,7002;638,9000;3187,3000;1771,0000;1540,7000;552,7000;330,5000;859,1000;641,5000;615,4000;1167,8000;1531,6000;1050,9000;1753,0000;1006,3000;471,4000;1170,0000;977,4000;1026,1000;1142,7000;1201,4000;1053,9000;3507,0000;752,4000;540,0000
33079,0000;408,4000;1504,7000;1845,2000;697,6000;1264,0000;730,0000;818,1000;722,8000;813,6000;1473,7000;1198,7000;802,4000;882,0000;1053,4000;754,8000;1407,8000;4496,7002;823,4000;1627,1000;962,5000;815,3000;421,3000;2102,8999;2156,6001;149,5000;571,0000;1250,2000;1379,2000;783,4000;831,0000;577,4000;2566,3999;1300,7000;505,6000;730,8000;1129,6000;498,8000;917,9000;392,5000;599,3000;1105,3000;280,6000;548,1000;2904,3999;1106,9000;582,2000;12289,5996;683,6000;672,7000;5280,7998;474,8000;617,9000;463,8000;678,1000;1106,6000;726,3000;144,6000;1147,7000;2150,0000;743,6000;817,8000;5234,1001;642,0000;3268,5000;1781,3000;1540,7000;555,1000;338,5000;855,4000;636,5000;615,4000;1153,2000;1531,6000;1038,6000;1782,4000;1006,3000;467,8000;1167,0000;977,4000;1024,6000;1123,3000;1213,3000;1063,6000;3589,8999;764,3000;535,2000
33080,0000;411,1000;1426,2000;1845,2000;703,9000;1286,2000;720,7000;813,4000;716,1000;786,6000;1465,7000;1198,7000;788,2000;891,3000;1035,3000;732,8000;1388,6000;4429,7002;803,1000;1620,2000;948,8000;815,3000;416,4000;1988,5000;2135,2000;147,7000;568,2000;1211,8000;1370,3000;761,0000;822,0000;577,4000;2555,0000;1308,9000;498,4000;714,0000;1133,3000;495,4000;906,1000;384,2000;585,9000;1105,3000;277,1000;541,5000;2964,8999;1072,1000;557,3000;12552,9004;676,8000;651,0000;5237,3999;470,4000;603,2000;455,5000;667,5000;1099,1000;726,3000;147,3000;1131,6000;2117,0000;729,5000;801,3000;5272,2998;641,7000;3280,0000;1760,7000;1524,0000;557,5000;333,6000;826,3000;629,4000;615,4000;1153,2000;1538,4000;1038,6000;1777,5000;994,6000;460,6000;1158,1000;996,3000;1018,7000;1123,3000;1213,3000;1073,2000;3518,8000;770,2000;524,4000
33081,0000;420,5000;1419,7000;1845,2000;722,8000;1271,4000;720,7000;780,3000;692,7000;770,5000;1441,7000;1160,0000;795,3000;882,0000;1003,6000;721,8000;1356,6000;4368,8999;789,5000;1578,7000;969,4000;803,7000;416,4000;1884,9000;2140,5000;141,2000;559,9000;1192,5000;1352,4000;761,0000;813,0000;582,1000;2520,8999;1272,1000;493,5000;714,0000;1115,1000;478,7000;886,5000;378,6000;573,2000;1105,3000;273,9000;531,6000;2878,5000;1095,3000;547,3000;12552,9004;668,6000;656,1000;5266,2998;466,1000;597,4000;451,4000;659,6000;1082,4000;706,0000;141,4000;1083,3000;2100,3999;718,8000;776,1000;5180,6001;641,7000;3276,2000;1791,6000;1499,0000;548,0000;330,9000;782,6000;610,4000;595,7000;1160,5000;1518,0000;1020,2000;1750,6000;971,4000;449,7000;1164,0000;987,9000;995,2000;1097,5000;1201,4000;1063,6000;3495,2000;758,4000;517,9000
33084,0000;407,8000;1426,2000;1834,1000;691,3000;1264,0000;715,7000;780,3000;672,6000;765,1000;1425,7000;1160,0000;781,1000;868,1000;994,6000;710,7000;1369,4000;4381,1001;782,8000;1564,8000;969,4000;815,3000;416,4000;1879,5000;2124,5000;141,2000;565,4000;1184,8000;1334,4000;781,9000;790,4000;567,9000;2475,5000;1251,6000;491,1000;703,9000;1117,5000;478,7000;883,6000;373,0000;572,6000;1086,4000;267,8000;538,2000;2852,5000;1083,7000;542,4000;12289,5996;673,4000;653,6000;5208,5000;448,7000;588,5000;451,4000;658,2000;1078,7000;699,2000;140,8000;1035,1000;2067,3000;694,1000;770,2000;5104,2002;625,9000;3229,8000;1760,7000;1465,7000;555,1000;326,4000;779,0000;614,4000;600,6000;1145,9000;1511,2000;1020,2000;1743,3000;977,2000;446,1000;1140,3000;977,4000;990,7000;1078,1000;1213,3000;1063,6000;3412,2000;740,6000;507,6000
33085,0000;418,5000;1426,2000;1834,1000;691,3000;1271,4000;720,7000;789,8000;672,6000;775,9000;1425,7000;1183,2000;774,0000;872,7000;1003,6000;716,3000;1375,8000;4368,8999;813,2000;1582,1000;962,5000;809,5000;416,4000;1895,8000;2129,8000;143,1000;565,4000;1192,5000;1334,4000;777,4000;799,4000;572,6000;2464,2000;1292,5000;488,7000;717,3000;1117,5000;482,0000;883,6000;378,6000;588,5000;1099,0000;269,1000;544,8000;2861,2000;1066,3000;557,3000;12684,5996;673,4000;671,4000;5208,5000;453,0000;600,3000;455,5000;650,3000;1061,9000;678,8000;141,9000;1051,1000;2083,8999;697,6000;777,0000;5234,1001;629,1000;3368,8999;1760,7000;1465,7000;564,7000;327,9000;789,9000;621,4000;595,7000;1160,5000;1558,9000;1032,5000;1743,3000;977,2000;446,1000;1149,2000;996,3000;987,8000;1097,5000;1189,5000;1063,6000;3495,2000;740,6000;510,3000
33086,0000;414,4000;1387,0000;1834,1000;678,8000;1271,4000;720,7000;756,7000;676,0000;781,3000;1401,6000;1136,8000;766,9000;858,8000;990,1000;732,8000;1363,0000;4375,0000;820,0000;1537,1000;962,5000;792,2000;413,9000;1808,7000;2129,8000;141,2000;571,0000;1207,9000;1307,6000;773,0000;808,4000;582,1000;2430,1001;1288,4000;488,7000;727,4000;1117,5000;482,0000;880,6000;384,2000;580,2000;1130,6000;271,6000;541,5000;2809,3000;1043,1000;577,2000;12904,0996;674,0000;652,3000;5266,2998;453,0000;597,4000;447,2000;643,7000;1069,4000;692,4000;144,3000;1051,1000;2100,3999;694,1000;773,2000;5218,7998;644,9000;3361,2000;1729,8000;1474,0000;569,5000;322,6000;779,0000;634,4000;595,7000;1131,3000;1552,1000;1032,5000;1733,5000;948,1000;449,7000;1167,0000;987,9000;1002,5000;1097,5000;1189,5000;1058,7000;3447,8000;746,5000;510,3000
33087,0000;400,4000;1387,0000;1834,1000;678,8000;1256,6000;714,0000;737,7000;669,3000;786,6000;1385,6000;1160,0000;724,2000;858,8000;981,0000;699,7000;1337,4000;4344,6001;803,1000;1519,8000;935,0000;774,8000;406,4000;1797,8000;2081,7000;141,2000;584,9000;1196,4000;1298,6000;759,5000;790,4000;567,9000;2387,5000;1263,9000;479,0000;693,8000;1105,3000;472,0000;862,0000;378,6000;579,6000;1086,4000;270,4000;538,2000;2766,1001;1031,5000;552,3000;13694,0996;657,6000;652,3000;5136,1001;448,7000;588,5000;443,1000;638,4000;1041,5000;678,8000;139,2000;1040,4000;2042,5000;679,9000;757,6000;5150,0000;629,1000;3395,8999;1668,1000;1465,7000;564,7000;320,7000;768,1000;620,4000;590,8000;1131,3000;1497,6000;1020,2000;1701,7000;936,5000;442,4000;1155,1000;977,4000;973,0000;1116,9000;1165,8000;1049,1000;3424,1001;746,5000;496,8000
33088,0000;394,4000;1334,6000;1767,4000;672,5000;1219,7000;691,4000;718,8000;655,9000;748,9000;1345,6000;1136,8000;707,2000;830,9000;967,5000;688,7000;1279,8000;4289,7998;806,5000;1492,1000;921,3000;751,7000;391,6000;1797,8000;2140,5000;141,2000;584,9000;1154,1000;1271,7000;746,1000;772,3000;530,0000;2370,5000;1214,8000;459,7000;673,6000;1076,2000;455,2000;844,4000;367,5000;554,7000;1073,7000;261,1000;521,7000;2696,8999;991,0000;547,3000;14703,5996;639,2000;656,1000;5121,6001;435,6000;576,8000;426,5000;611,9000;1022,9000;661,8000;139,2000;1040,4000;1951,6000;672,8000;738,2000;5081,2998;603,8000;3291,6001;1688,6000;1415,7000;567,1000;313,1000;757,2000;601,4000;556,3000;1080,3000;1429,5000;971,0000;1662,6000;942,3000;427,9000;1098,7000;975,3000;950,9000;1078,1000;1136,0000;995,9000;3293,7000;746,5000;486,0000
33091,0000;374,3000;1308,5000;1689,6000;647,3000;1197,5000;653,7000;681,0000;649,2000;727,4000;1289,5000;1121,3000;653,2000;812,4000;958,4000;672,2000;1228,6000;3991,6001;803,1000;1409,0000;866,3000;722,8000;389,1000;1737,9000;2060,3000;133,9000;551,5000;1131,0000;1191,1000;716,3000;754,2000;482,7000;2308,0000;1202,5000;452,4000;633,1000;1011,8000;418,4000;817,0000;373,0000;529,3000;1061,1000;245,2000;511,8000;2601,8000;962,0000;532,4000;13869,7002;618,7000;624,3000;4919,1001;419,5000;565,0000;418,2000;577,4000;1000,6000;655,7000;134,1000;1035,1000;1893,7000;640,9000;728,5000;4798,5000;588,0000;3148,7000;1585,7000;1357,4000;531,2000;295,7000;749,9000;554,3000;531,7000;1043,8000;1361,5000;946,5000;1579,4000;959,7000;409,8000;1039,3000;916,6000;899,3000;1052,3000;1103,9000;957,2000;3151,6001;728,7000;481,2000
33092,0000;357,6000;1269,2000;1656,3000;659,9000;1167,9000;620,2000;671,5000;645,8000;700,4000;1241,4000;1067,2000;660,3000;803,1000;953,9000;628,1000;1203,0000;3924,7000;782,8000;1409,0000;845,6000;711,2000;394,1000;1743,3000;1937,2000;129,2000;540,4000;1100,2000;1182,2000;719,2000;740,7000;482,7000;2248,3999;1165,7000;435,5000;602,8000;959,6000;401,7000;803,3000;361,9000;528,6000;979,0000;237,6000;485,4000;2506,8000;950,4000;497,6000;13167,4004;594,7000;624,3000;4702,1001;426,9000;556,2000;401,7000;523,1000;911,3000;633,3000;126,1000;1029,7000;1893,7000;619,7000;716,8000;4737,3999;546,9000;3032,8000;1534,2000;1265,8000;516,8000;294,1000;731,7000;563,3000;531,7000;1000,0000;1347,8000;909,6000;1564,8000;977,2000;409,8000;1033,4000;883,1000;865,4000;1000,7000;1064,6000;937,9000;3056,8000;699,1000;475,2000
33093,0000;361,6000;1282,3000;1711,9000;659,9000;1182,7000;641,1000;699,9000;649,2000;711,2000;1305,5000;1074,9000;668,2000;798,4000;967,5000;655,7000;1235,0000;4070,7000;796,3000;1440,2000;900,6000;745,9000;396,5000;1743,3000;1953,2000;129,2000;540,4000;1123,3000;1200,1000;767,0000;754,2000;525,3000;2299,5000;1182,1000;452,4000;606,2000;1008,2000;418,4000;840,5000;367,5000;544,5000;1016,9000;258,0000;492,0000;2541,3000;996,7000;517,5000;13562,4004;608,4000;676,5000;4702,1001;431,2000;579,7000;414,1000;535,1000;976,4000;647,6000;126,1000;1008,2000;1984,6000;644,5000;754,7000;4798,5000;578,5000;3098,5000;1575,4000;1282,5000;519,2000;310,8000;728,0000;626,4000;546,5000;1014,6000;1415,9000;940,3000;1650,3000;959,7000;417,0000;1057,1000;918,7000;928,8000;1013,6000;1112,2000;966,9000;3187,1001;675,4000;478,5000
33094,0000;387,7000;1256,1000;1645,2000;653,6000;1167,9000;628,6000;685,7000;639,1000;705,8000;1265,5000;1067,2000;671,0000;784,5000;962,9000;633,6000;1196,6000;3985,5000;792,9000;1419,4000;873,1000;722,8000;384,1000;1786,9000;1910,4000;129,2000;537,6000;1100,2000;1182,2000;744,6000;736,2000;506,4000;2276,8000;1153,4000;437,9000;606,2000;1008,2000;415,1000;803,3000;361,9000;529,3000;997,9000;251,9000;459,0000;2515,3999;973,6000;502,5000;13562,4004;601,6000;657,4000;4745,5000;420,4000;565,0000;405,8000;535,1000;967,1000;625,2000;133,9000;997,5000;1835,8000;637,4000;739,2000;4783,2998;562,7000;3059,8000;1585,7000;1232,5000;524,0000;300,6000;724,4000;592,3000;526,8000;1000,0000;1361,5000;897,3000;1616,1000;953,9000;409,8000;1039,3000;912,4000;893,4000;981,3000;1083,7000;966,9000;3080,5000;675,4000;480,6000
33095,0000;381,0000;1249,6000;1645,2000;653,6000;1167,9000;636,9000;681,0000;642,5000;700,4000;1265,5000;1067,2000;678,1000;756,6000;944,9000;622,6000;1183,8000;3955,1001;786,1000;1388,3000;886,9000;728,5000;376,7000;1786,9000;1889,0000;127,4000;537,6000;1104,1000;1182,2000;747,6000;745,2000;501,6000;2285,3000;1124,8000;437,9000;599,5000;1009,4000;411,7000;788,6000;361,9000;531,8000;1035,8000;246,8000;462,3000;2515,3999;991,0000;502,5000;13430,7998;607,1000;656,1000;4774,3999;411,6000;562,0000;397,5000;536,4000;948,5000;632,7000;133,9000;1019,0000;1852,3000;630,3000;751,8000;4752,7002;562,7000;2994,1001;1554,8000;1240,8000;519,2000;296,0000;720,8000;571,3000;507,1000;985,4000;1361,5000;891,1000;1577,0000;953,9000;406,2000;1039,3000;893,5000;884,6000;968,4000;1076,5000;962,0000;3080,5000;675,4000;477,9000
33098,0000;357,6000;1190,7000;1611,8000;628,5000;1131,0000;619,3000;671,5000;635,8000;673,5000;1233,4000;1036,3000;653,2000;742,7000;944,9000;611,6000;1158,2000;3742,2000;789,5000;1353,6000;838,8000;711,2000;376,7000;1797,8000;1840,9000;125,5000;476,3000;1069,4000;1146,4000;729,7000;718,1000;482,7000;2222,8999;1083,9000;428,2000;586,0000;996,0000;398,3000;769,0000;356,3000;517,8000;1035,8000;235,7000;455,7000;2429,0000;950,4000;492,6000;12772,4004;574,2000;649,7000;4586,2998;402,9000;547,3000;376,8000;533,7000;928,0000;617,7000;133,9000;1002,9000;1761,4000;623,2000;699,3000;4622,7998;540,6000;2974,8000;1523,9000;1190,9000;512,1000;293,0000;698,9000;569,3000;507,1000;963,5000;1327,4000;854,3000;1515,9000;971,4000;391,7000;1009,6000;862,1000;869,8000;949,0000;1064,6000;918,5000;3009,3999;639,9000;448,2000
33099,0000;364,3000;1203,8000;1600,7000;622,2000;1167,9000;631,9000;676,3000;639,1000;695,0000;1273,5000;1067,2000;670,3000;761,3000;949,4000;628,1000;1171,0000;3760,3999;796,3000;1350,2000;866,3000;740,1000;369,3000;1863,2000;1808,8000;125,5000;493,0000;1096,4000;1137,4000;768,5000;727,1000;482,7000;2271,1001;1075,7000;435,5000;589,4000;983,9000;415,1000;803,3000;370,3000;528,6000;1016,9000;238,8000;459,0000;2472,2000;962,0000;492,6000;12816,2998;581,1000;685,4000;4644,2002;407,7000;535,6000;389,2000;523,1000;942,9000;610,9000;133,9000;1013,6000;1744,8000;616,2000;743,0000;4508,2002;540,6000;3032,8000;1534,2000;1199,2000;512,1000;296,4000;709,8000;581,3000;516,9000;956,2000;1327,4000;872,7000;1530,5000;953,9000;398,9000;1027,4000;922,9000;877,2000;942,6000;1112,2000;923,4000;3056,8000;687,3000;448,2000
